1 0.0239843 0.0239843 0.0239843 0.0239843 0.0239843 0.02216009 0.02339042 0.0239843 0.02216009 0.09260824 0.0239843 0.0239843 0.02216009 0.02216009 0.02216009 0.02339042 0.0239843 0.5346663 0.5526334 0.02216009 0.02216009 0.02216009 0.02216009 0.02216009 0.0946563 0.02216009 0.1750758 0.02216009 0.01467458 0.1765314 0.1851217 0.1765314 0.0215212 0.09407016 0.3448596 0.1861731 0.1770205 0.1765314 0.5404759 0.1775114 0.02018843 0.5404759 0.5464618 0.0937774 0.5464618 0.5404759 0.0215212 0.4436453 0.01724199 0.0215212 0.03484435 0.1648901 0.1684992 0.5464618 0.09173325 0.61848 0.6019819
0.0239843 1 1 1 1 1 0.9239415 0.874936 1 0.9239415 -0.1100207 1 1 0.9239415 0.9239415 0.9239415 -0.02778835 1 0.04485845 0.04340003 0.9239415 0.9239415 0.9239415 0.9239415 0.9239415 -0.06019141 0.9239415 -0.207994 0.9239415 -0.01743373 -0.1932668 0.07963277 -0.1932668 0.8973037 -0.1117575 -0.3868797 0.09549411 -0.2103043 -0.2097233 -0.02100218 -0.2108876 -0.0239843 -0.05369141 -0.02211926 -0.1114097 -0.02211926 -0.05369141 0.8973037 0.01064052 -0.02048387 0.8973037 -0.04139588 -0.1958932 -0.2001808 -0.02211926 -0.1089812 -0.03489177 -0.03206351
0.0239843 1 1 1 1 1 0.9239415 0.874936 1 0.9239415 -0.1100207 1 1 0.9239415 0.9239415 0.9239415 -0.02778835 1 0.04485845 0.04340003 0.9239415 0.9239415 0.9239415 0.9239415 0.9239415 -0.06019141 0.9239415 -0.207994 0.9239415 -0.01743373 -0.1932668 0.07963277 -0.1932668 0.8973037 -0.1117575 -0.3868797 0.09549411 -0.2103043 -0.2097233 -0.02100218 -0.2108876 -0.0239843 -0.05369141 -0.02211926 -0.1114097 -0.02211926 -0.05369141 0.8973037 0.01064052 -0.02048387 0.8973037 -0.04139588 -0.1958932 -0.2001808 -0.02211926 -0.1089812 -0.03489177 -0.03206351
0.0239843 1 1 1 1 1 0.9239415 0.874936 1 0.9239415 -0.1100207 1 1 0.9239415 0.9239415 0.9239415 -0.02778835 1 0.04485845 0.04340003 0.9239415 0.9239415 0.9239415 0.9239415 0.9239415 -0.06019141 0.9239415 -0.207994 0.9239415 -0.01743373 -0.1932668 0.07963277 -0.1932668 0.8973037 -0.1117575 -0.3868797 0.09549411 -0.2103043 -0.2097233 -0.02100218 -0.2108876 -0.0239843 -0.05369141 -0.02211926 -0.1114097 -0.02211926 -0.05369141 0.8973037 0.01064052 -0.02048387 0.8973037 -0.04139588 -0.1958932 -0.2001808 -0.02211926 -0.1089812 -0.03489177 -0.03206351
0.0239843 1 1 1 1 1 0.9239415 0.874936 1 0.9239415 -0.1100207 1 1 0.9239415 0.9239415 0.9239415 -0.02778835 1 0.04485845 0.04340003 0.9239415 0.9239415 0.9239415 0.9239415 0.9239415 -0.06019141 0.9239415 -0.207994 0.9239415 -0.01743373 -0.1932668 0.07963277 -0.1932668 0.8973037 -0.1117575 -0.3868797 0.09549411 -0.2103043 -0.2097233 -0.02100218 -0.2108876 -0.0239843 -0.05369141 -0.02211926 -0.1114097 -0.02211926 -0.05369141 0.8973037 0.01064052 -0.02048387 0.8973037 -0.04139588 -0.1958932 -0.2001808 -0.02211926 -0.1089812 -0.03489177 -0.03206351
0.0239843 1 1 1 1 1 0.9239415 0.874936 1 0.9239415 -0.1100207 1 1 0.9239415 0.9239415 0.9239415 -0.02778835 1 0.04485845 0.04340003 0.9239415 0.9239415 0.9239415 0.9239415 0.9239415 -0.06019141 0.9239415 -0.207994 0.9239415 -0.01743373 -0.1932668 0.07963277 -0.1932668 0.8973037 -0.1117575 -0.3868797 0.09549411 -0.2103043 -0.2097233 -0.02100218 -0.2108876 -0.0239843 -0.05369141 -0.02211926 -0.1114097 -0.02211926 -0.05369141 0.8973037 0.01064052 -0.02048387 0.8973037 -0.04139588 -0.1958932 -0.2001808 -0.02211926 -0.1089812 -0.03489177 -0.03206351
0.02216009 0.9239415 0.9239415 0.9239415 0.9239415 0.9239415 1 0.9474004 0.9239415 1 -0.1016527 0.9239415 0.9239415 1 1 1 -0.02567481 0.9239415 0.04144659 0.04009909 1 1 1 1 1 -0.1039008 1 -0.1921743 1 -0.01610775 -0.1937721 0.1197056 -0.1937721 0.9711693 -0.1032574 -0.3785398 0.1190295 -0.1943089 -0.1937721 0.04100108 -0.1948478 -0.02216009 0.005764324 0.04055196 -0.102936 0.04055196 0.005764324 0.9711693 0.009831223 -0.0189259 0.9711693 -0.03824737 -0.1809938 -0.1849554 0.04055196 -0.1006922 0.03582993 0.03681189
0.02339042 0.874936 0.874936 0.874936 0.874936 0.874936 0.9474004 1 0.874936 0.9474004 -0.1072964 0.874936 0.874936 0.9474004 0.9474004 0.9474004 0.07560976 0.874936 0.0437477 0.04232539 0.9474004 0.9474004 0.9474004 0.9474004 0.9474004 -0.1096693 0.9474004 -0.1691992 0.9474004 -0.01700205 -0.1708272 0.1263516 -0.1708272 0.9200862 -0.1089902 -0.3528181 0.125638 -0.1713738 -0.1708272 0.04327746 -0.1719223 -0.02339042 0.009803669 0.0428034 -0.108651 0.0428034 0.009803669 0.9200862 0.01037705 -0.01997666 0.9200862 -0.04037086 -0.1577529 -0.1618201 0.0428034 -0.1062826 0.0378192 0.03885569
0.0239843 1 1 1 1 1 0.9239415 0.874936 1 0.9239415 -0.1100207 1 1 0.9239415 0.9239415 0.9239415 -0.02778835 1 0.04485845 0.04340003 0.9239415 0.9239415 0.9239415 0.9239415 0.9239415 -0.06019141 0.9239415 -0.207994 0.9239415 -0.01743373 -0.1932668 0.07963277 -0.1932668 0.8973037 -0.1117575 -0.3868797 0.09549411 -0.2103043 -0.2097233 -0.02100218 -0.2108876 -0.0239843 -0.05369141 -0.02211926 -0.1114097 -0.02211926 -0.05369141 0.8973037 0.01064052 -0.02048387 0.8973037 -0.04139588 -0.1958932 -0.2001808 -0.02211926 -0.1089812 -0.03489177 -0.03206351
0.02216009 0.9239415 0.9239415 0.9239415 0.9239415 0.9239415 1 0.9474004 0.9239415 1 -0.1016527 0.9239415 0.9239415 1 1 1 -0.02567481 0.9239415 0.04144659 0.04009909 1 1 1 1 1 -0.1039008 1 -0.1921743 1 -0.01610775 -0.1937721 0.1197056 -0.1937721 0.9711693 -0.1032574 -0.3785398 0.1190295 -0.1943089 -0.1937721 0.04100108 -0.1948478 -0.02216009 0.005764324 0.04055196 -0.102936 0.04055196 0.005764324 0.9711693 0.009831223 -0.0189259 0.9711693 -0.03824737 -0.1809938 -0.1849554 0.04055196 -0.1006922 0.03582993 0.03681189
0.09260824 -0.1100207 -0.1100207 -0.1100207 -0.1100207 -0.1100207 -0.1016527 -0.1072964 -0.1100207 -0.1016527 1 -0.1100207 -0.1100207 -0.1016527 -0.1016527 -0.1016527 -0.1072964 -0.1100207 0.1732075 0.1675763 -0.1016527 -0.1016527 -0.1016527 -0.1016527 -0.1016527 0.9721129 -0.1016527 -0.7972126 -0.1016527 -0.06731514 -0.8038796 -0.8432181 -0.8038796 -0.09872196 0.9781938 0.2685389 -0.8420525 -0.7943037 -0.7920709 0.1596174 -0.7965453 0.2179982 0.1713457 0.1694688 0.9687135 0.1694688 0.1713457 -0.09872196 0.04108521 0.186182 -0.09872196 0.3762555 -0.7272233 -0.7495307 0.1694688 0.9778938 0.1497352 0.1538389
0.0239843 1 1 1 1 1 0.9239415 0.874936 1 0.9239415 -0.1100207 1 1 0.9239415 0.9239415 0.9239415 -0.02778835 1 0.04485845 0.04340003 0.9239415 0.9239415 0.9239415 0.9239415 0.9239415 -0.06019141 0.9239415 -0.207994 0.9239415 -0.01743373 -0.1932668 0.07963277 -0.1932668 0.8973037 -0.1117575 -0.3868797 0.09549411 -0.2103043 -0.2097233 -0.02100218 -0.2108876 -0.0239843 -0.05369141 -0.02211926 -0.1114097 -0.02211926 -0.05369141 0.8973037 0.01064052 -0.02048387 0.8973037 -0.04139588 -0.1958932 -0.2001808 -0.02211926 -0.1089812 -0.03489177 -0.03206351
0.0239843 1 1 1 1 1 0.9239415 0.874936 1 0.9239415 -0.1100207 1 1 0.9239415 0.9239415 0.9239415 -0.02778835 1 0.04485845 0.04340003 0.9239415 0.9239415 0.9239415 0.9239415 0.9239415 -0.06019141 0.9239415 -0.207994 0.9239415 -0.01743373 -0.1932668 0.07963277 -0.1932668 0.8973037 -0.1117575 -0.3868797 0.09549411 -0.2103043 -0.2097233 -0.02100218 -0.2108876 -0.0239843 -0.05369141 -0.02211926 -0.1114097 -0.02211926 -0.05369141 0.8973037 0.01064052 -0.02048387 0.8973037 -0.04139588 -0.1958932 -0.2001808 -0.02211926 -0.1089812 -0.03489177 -0.03206351
0.02216009 0.9239415 0.9239415 0.9239415 0.9239415 0.9239415 1 0.9474004 0.9239415 1 -0.1016527 0.9239415 0.9239415 1 1 1 -0.02567481 0.9239415 0.04144659 0.04009909 1 1 1 1 1 -0.1039008 1 -0.1921743 1 -0.01610775 -0.1937721 0.1197056 -0.1937721 0.9711693 -0.1032574 -0.3785398 0.1190295 -0.1943089 -0.1937721 0.04100108 -0.1948478 -0.02216009 0.005764324 0.04055196 -0.102936 0.04055196 0.005764324 0.9711693 0.009831223 -0.0189259 0.9711693 -0.03824737 -0.1809938 -0.1849554 0.04055196 -0.1006922 0.03582993 0.03681189
0.02216009 0.9239415 0.9239415 0.9239415 0.9239415 0.9239415 1 0.9474004 0.9239415 1 -0.1016527 0.9239415 0.9239415 1 1 1 -0.02567481 0.9239415 0.04144659 0.04009909 1 1 1 1 1 -0.1039008 1 -0.1921743 1 -0.01610775 -0.1937721 0.1197056 -0.1937721 0.9711693 -0.1032574 -0.3785398 0.1190295 -0.1943089 -0.1937721 0.04100108 -0.1948478 -0.02216009 0.005764324 0.04055196 -0.102936 0.04055196 0.005764324 0.9711693 0.009831223 -0.0189259 0.9711693 -0.03824737 -0.1809938 -0.1849554 0.04055196 -0.1006922 0.03582993 0.03681189
0.02216009 0.9239415 0.9239415 0.9239415 0.9239415 0.9239415 1 0.9474004 0.9239415 1 -0.1016527 0.9239415 0.9239415 1 1 1 -0.02567481 0.9239415 0.04144659 0.04009909 1 1 1 1 1 -0.1039008 1 -0.1921743 1 -0.01610775 -0.1937721 0.1197056 -0.1937721 0.9711693 -0.1032574 -0.3785398 0.1190295 -0.1943089 -0.1937721 0.04100108 -0.1948478 -0.02216009 0.005764324 0.04055196 -0.102936 0.04055196 0.005764324 0.9711693 0.009831223 -0.0189259 0.9711693 -0.03824737 -0.1809938 -0.1849554 0.04055196 -0.1006922 0.03582993 0.03681189
0.02339042 -0.02778835 -0.02778835 -0.02778835 -0.02778835 -0.02778835 -0.02567481 0.07560976 -0.02778835 -0.02567481 -0.1072964 -0.02778835 -0.02778835 -0.02567481 -0.02567481 -0.02567481 1 -0.02778835 0.0437477 0.04232539 -0.02567481 -0.02567481 -0.02567481 -0.02567481 -0.02567481 -0.1096693 -0.02567481 0.1336017 -0.02567481 -0.01700205 0.1325 0.1263516 0.1325 -0.02493459 -0.1089902 0.06782591 0.125638 0.132134 0.1156485 0.04327746 0.1317685 -0.02339042 0.04327746 0.0428034 -0.108651 0.0428034 0.04327746 -0.02493459 0.01037705 -0.01997666 -0.02493459 -0.04037086 -0.09117343 -0.111714 0.0428034 -0.1062826 0.0378192 0.03885569
0.0239843 1 1 1 1 1 0.9239415 0.874936 1 0.9239415 -0.1100207 1 1 0.9239415 0.9239415 0.9239415 -0.02778835 1 0.04485845 0.04340003 0.9239415 0.9239415 0.9239415 0.9239415 0.9239415 -0.06019141 0.9239415 -0.207994 0.9239415 -0.01743373 -0.1932668 0.07963277 -0.1932668 0.8973037 -0.1117575 -0.3868797 0.09549411 -0.2103043 -0.2097233 -0.02100218 -0.2108876 -0.0239843 -0.05369141 -0.02211926 -0.1114097 -0.02211926 -0.05369141 0.8973037 0.01064052 -0.02048387 0.8973037 -0.04139588 -0.1958932 -0.2001808 -0.02211926 -0.1089812 -0.03489177 -0.03206351
0.5346663 0.04485845 0.04485845 0.04485845 0.04485845 0.04485845 0.04144659 0.0437477 0.04485845 0.04144659 0.1732075 0.04485845 0.04485845 0.04144659 0.04144659 0.04144659 0.0437477 0.04485845 1 0.879334 0.04144659 0.04144659 0.04144659 0.04144659 0.04144659 0.1770381 0.04144659 0.2948614 0.04144659 0.02744623 0.2975273 0.3132254 0.2975273 0.04025165 0.1643952 0.6299099 0.315143 0.2984225 0.2975273 0.9027929 0.2884268 0.03775892 0.9027929 0.9129454 0.1522727 0.9129454 0.9027929 0.04025165 0.2372022 0.03224812 0.04025165 0.06517028 0.3083981 0.3151483 0.9129454 0.1599073 0.7914158 0.7693141
0.5526334 0.04340003 0.04340003 0.04340003 0.04340003 0.04340003 0.04009909 0.04232539 0.04340003 0.04009909 0.1675763 0.04340003 0.04340003 0.04009909 0.04009909 0.04009909 0.04232539 0.04340003 0.879334 1 0.04009909 0.04009909 0.04009909 0.04009909 0.04009909 0.1712823 0.04009909 0.2385424 0.04009909 0.02655391 0.2410403 0.2556996 0.2410403 0.03894301 0.1583373 0.5463743 0.2574848 0.2418786 0.2410403 0.7777811 0.2427197 0.03653132 0.7777811 0.7866803 0.1458942 0.7866803 0.7777811 0.03894301 0.2451732 0.03119968 0.03894301 0.06305149 0.254123 0.2605018 0.7866803 0.1539881 0.6679187 0.6488784
0.02216009 0.9239415 0.9239415 0.9239415 0.9239415 0.9239415 1 0.9474004 0.9239415 1 -0.1016527 0.9239415 0.9239415 1 1 1 -0.02567481 0.9239415 0.04144659 0.04009909 1 1 1 1 1 -0.1039008 1 -0.1921743 1 -0.01610775 -0.1937721 0.1197056 -0.1937721 0.9711693 -0.1032574 -0.3785398 0.1190295 -0.1943089 -0.1937721 0.04100108 -0.1948478 -0.02216009 0.005764324 0.04055196 -0.102936 0.04055196 0.005764324 0.9711693 0.009831223 -0.0189259 0.9711693 -0.03824737 -0.1809938 -0.1849554 0.04055196 -0.1006922 0.03582993 0.03681189
0.02216009 0.9239415 0.9239415 0.9239415 0.9239415 0.9239415 1 0.9474004 0.9239415 1 -0.1016527 0.9239415 0.9239415 1 1 1 -0.02567481 0.9239415 0.04144659 0.04009909 1 1 1 1 1 -0.1039008 1 -0.1921743 1 -0.01610775 -0.1937721 0.1197056 -0.1937721 0.9711693 -0.1032574 -0.3785398 0.1190295 -0.1943089 -0.1937721 0.04100108 -0.1948478 -0.02216009 0.005764324 0.04055196 -0.102936 0.04055196 0.005764324 0.9711693 0.009831223 -0.0189259 0.9711693 -0.03824737 -0.1809938 -0.1849554 0.04055196 -0.1006922 0.03582993 0.03681189
0.02216009 0.9239415 0.9239415 0.9239415 0.9239415 0.9239415 1 0.9474004 0.9239415 1 -0.1016527 0.9239415 0.9239415 1 1 1 -0.02567481 0.9239415 0.04144659 0.04009909 1 1 1 1 1 -0.1039008 1 -0.1921743 1 -0.01610775 -0.1937721 0.1197056 -0.1937721 0.9711693 -0.1032574 -0.3785398 0.1190295 -0.1943089 -0.1937721 0.04100108 -0.1948478 -0.02216009 0.005764324 0.04055196 -0.102936 0.04055196 0.005764324 0.9711693 0.009831223 -0.0189259 0.9711693 -0.03824737 -0.1809938 -0.1849554 0.04055196 -0.1006922 0.03582993 0.03681189
0.02216009 0.9239415 0.9239415 0.9239415 0.9239415 0.9239415 1 0.9474004 0.9239415 1 -0.1016527 0.9239415 0.9239415 1 1 1 -0.02567481 0.9239415 0.04144659 0.04009909 1 1 1 1 1 -0.1039008 1 -0.1921743 1 -0.01610775 -0.1937721 0.1197056 -0.1937721 0.9711693 -0.1032574 -0.3785398 0.1190295 -0.1943089 -0.1937721 0.04100108 -0.1948478 -0.02216009 0.005764324 0.04055196 -0.102936 0.04055196 0.005764324 0.9711693 0.009831223 -0.0189259 0.9711693 -0.03824737 -0.1809938 -0.1849554 0.04055196 -0.1006922 0.03582993 0.03681189
0.02216009 0.9239415 0.9239415 0.9239415 0.9239415 0.9239415 1 0.9474004 0.9239415 1 -0.1016527 0.9239415 0.9239415 1 1 1 -0.02567481 0.9239415 0.04144659 0.04009909 1 1 1 1 1 -0.1039008 1 -0.1921743 1 -0.01610775 -0.1937721 0.1197056 -0.1937721 0.9711693 -0.1032574 -0.3785398 0.1190295 -0.1943089 -0.1937721 0.04100108 -0.1948478 -0.02216009 0.005764324 0.04055196 -0.102936 0.04055196 0.005764324 0.9711693 0.009831223 -0.0189259 0.9711693 -0.03824737 -0.1809938 -0.1849554 0.04055196 -0.1006922 0.03582993 0.03681189
0.0946563 -0.06019141 -0.06019141 -0.06019141 -0.06019141 -0.06019141 -0.1039008 -0.1096693 -0.06019141 -0.1039008 0.9721129 -0.06019141 -0.06019141 -0.1039008 -0.1039008 -0.1039008 -0.1096693 -0.06019141 0.1770381 0.1712823 -0.1039008 -0.1039008 -0.1039008 -0.1039008 -0.1039008 1 -0.1039008 -0.8208677 -0.1039008 -0.06880384 -0.821839 -0.8679692 -0.821839 -0.1009052 0.9875962 0.2582425 -0.861042 -0.8182714 -0.8159854 0.1402523 -0.8205664 0.2132814 0.1518799 0.149737 0.9782765 0.149737 0.1518799 -0.1009052 0.04199383 0.1821536 -0.1009052 0.3681145 -0.7499833 -0.7494206 0.149737 0.9628447 0.1268417 0.1316641
0.02216009 0.9239415 0.9239415 0.9239415 0.9239415 0.9239415 1 0.9474004 0.9239415 1 -0.1016527 0.9239415 0.9239415 1 1 1 -0.02567481 0.9239415 0.04144659 0.04009909 1 1 1 1 1 -0.1039008 1 -0.1921743 1 -0.01610775 -0.1937721 0.1197056 -0.1937721 0.9711693 -0.1032574 -0.3785398 0.1190295 -0.1943089 -0.1937721 0.04100108 -0.1948478 -0.02216009 0.005764324 0.04055196 -0.102936 0.04055196 0.005764324 0.9711693 0.009831223 -0.0189259 0.9711693 -0.03824737 -0.1809938 -0.1849554 0.04055196 -0.1006922 0.03582993 0.03681189
0.1750758 -0.207994 -0.207994 -0.207994 -0.207994 -0.207994 -0.1921743 -0.1691992 -0.207994 -0.1921743 -0.7972126 -0.207994 -0.207994 -0.1921743 -0.1921743 -0.1921743 0.1336017 -0.207994 0.2948614 0.2385424 -0.1921743 -0.1921743 -0.1921743 -0.1921743 -0.1921743 -0.8208677 -0.1921743 1 -0.1921743 0.08381843 0.9917542 0.9457336 0.9917542 -0.1866338 -0.8157847 0.1785085 0.9403926 0.9890144 0.9862342 0.323929 0.9862788 -0.1750758 0.323929 0.3203807 -0.8132458 0.3203807 0.323929 -0.1866338 0.07767156 -0.149524 -0.1866338 -0.3021733 0.9091073 0.9131963 0.3203807 -0.7955187 0.2830743 0.2667129
0.02216009 0.9239415 0.9239415 0.9239415 0.9239415 0.9239415 1 0.9474004 0.9239415 1 -0.1016527 0.9239415 0.9239415 1 1 1 -0.02567481 0.9239415 0.04144659 0.04009909 1 1 1 1 1 -0.1039008 1 -0.1921743 1 -0.01610775 -0.1937721 0.1197056 -0.1937721 0.9711693 -0.1032574 -0.3785398 0.1190295 -0.1943089 -0.1937721 0.04100108 -0.1948478 -0.02216009 0.005764324 0.04055196 -0.102936 0.04055196 0.005764324 0.9711693 0.009831223 -0.0189259 0.9711693 -0.03824737 -0.1809938 -0.1849554 0.04055196 -0.1006922 0.03582993 0.03681189
0.01467458 -0.01743373 -0.01743373 -0.01743373 -0.01743373 -0.01743373 -0.01610775 -0.01700205 -0.01743373 -0.01610775 -0.06731514 -0.01743373 -0.01743373 -0.01610775 -0.01610775 -0.01610775 -0.01700205 -0.01743373 0.02744623 0.02655391 -0.01610775 -0.01610775 -0.01610775 -0.01610775 -0.01610775 -0.06880384 -0.01610775 0.08381843 -0.01610775 1 0.08312728 0.0792699 0.08312728 -0.01564335 -0.06837779 0.04255232 0.07882223 0.08289763 0.08312728 0.02715122 0.08266834 -0.01467458 0.02715122 0.0268538 -0.06816498 0.0268538 0.02715122 -0.01564335 0.006510308 -0.01253287 -0.01564335 -0.02532769 -0.1198554 0.0870899 0.0268538 -0.06667913 0.02372684 0.02437711
0.1765314 -0.1932668 -0.1932668 -0.1932668 -0.1932668 -0.1932668 -0.1937721 -0.1708272 -0.1932668 -0.1937721 -0.8038796 -0.1932668 -0.1932668 -0.1937721 -0.1937721 -0.1937721 0.1325 -0.1932668 0.2975273 0.2410403 -0.1937721 -0.1937721 -0.1937721 -0.1937721 -0.1937721 -0.821839 -0.1937721 0.9917542 -0.1937721 0.08312728 1 0.9480047 1 -0.1881855 -0.8225673 0.1821572 0.9482113 0.9917045 0.9889408 0.3266222 0.9889428 -0.1765314 0.3266222 0.3230444 -0.8200073 0.3230444 0.3266222 -0.1881855 0.07831734 -0.1507672 -0.1881855 -0.3046856 0.9122081 0.9161358 0.3230444 -0.8021329 0.2854278 0.2690891
0.1851217 0.07963277 0.07963277 0.07963277 0.07963277 0.07963277 0.1197056 0.1263516 0.07963277 0.1197056 -0.8432181 0.07963277 0.07963277 0.1197056 0.1197056 0.1197056 0.1263516 0.07963277 0.3132254 0.2556996 0.1197056 0.1197056 0.1197056 0.1197056 0.1197056 -0.8679692 0.1197056 0.9457336 0.1197056 0.0792699 0.9480047 1 0.9480047 0.1162544 -0.8625946 0.0637575 0.9943525 0.9450477 0.9424127 0.3425161 0.9420945 -0.1851217 0.3314081 0.3387642 -0.85991 0.3387642 0.3314081 0.1162544 0.08212837 -0.1581037 0.1162544 -0.319512 0.8686182 0.8714108 0.3387642 -0.8411657 0.2993171 0.2830863
0.1765314 -0.1932668 -0.1932668 -0.1932668 -0.1932668 -0.1932668 -0.1937721 -0.1708272 -0.1932668 -0.1937721 -0.8038796 -0.1932668 -0.1932668 -0.1937721 -0.1937721 -0.1937721 0.1325 -0.1932668 0.2975273 0.2410403 -0.1937721 -0.1937721 -0.1937721 -0.1937721 -0.1937721 -0.821839 -0.1937721 0.9917542 -0.1937721 0.08312728 1 0.9480047 1 -0.1881855 -0.8225673 0.1821572 0.9482113 0.9917045 0.9889408 0.3266222 0.9889428 -0.1765314 0.3266222 0.3230444 -0.8200073 0.3230444 0.3266222 -0.1881855 0.07831734 -0.1507672 -0.1881855 -0.3046856 0.9122081 0.9161358 0.3230444 -0.8021329 0.2854278 0.2690891
0.0215212 0.8973037 0.8973037 0.8973037 0.8973037 0.8973037 0.9711693 0.9200862 0.8973037 0.9711693 -0.09872196 0.8973037 0.8973037 0.9711693 0.9711693 0.9711693 -0.02493459 0.8973037 0.04025165 0.03894301 0.9711693 0.9711693 0.9711693 0.9711693 0.9711693 -0.1009052 0.9711693 -0.1866338 0.9711693 -0.01564335 -0.1881855 0.1162544 -0.1881855 1 -0.1002804 -0.3676263 0.1155978 -0.1887068 -0.1881855 0.03981899 -0.1892302 -0.0215212 0.03981899 0.03938282 -0.0999683 0.03938282 0.03981899 1 0.009547782 -0.01838025 1 -0.03714468 -0.1757757 -0.179623 0.03938282 -0.0977892 0.03479693 0.03575058
0.09407016 -0.1117575 -0.1117575 -0.1117575 -0.1117575 -0.1117575 -0.1032574 -0.1089902 -0.1117575 -0.1032574 0.9781938 -0.1117575 -0.1117575 -0.1032574 -0.1032574 -0.1032574 -0.1089902 -0.1117575 0.1643952 0.1583373 -0.1032574 -0.1032574 -0.1032574 -0.1032574 -0.1032574 0.9875962 -0.1032574 -0.8157847 -0.1032574 -0.06837779 -0.8225673 -0.8625946 -0.8225673 -0.1002804 1 0.2727781 -0.861551 -0.8131036 -0.8108319 0.162395 -0.8153843 0.2146103 0.1740506 0.1721441 0.9906536 0.1721441 0.1740506 -0.1002804 0.04173379 0.1832886 -0.1002804 0.3704081 -0.7451403 -0.7444305 0.1721441 0.968868 0.152099 0.1562674
0.3448596 -0.3868797 -0.3868797 -0.3868797 -0.3868797 -0.3868797 -0.3785398 -0.3528181 -0.3868797 -0.3785398 0.2685389 -0.3868797 -0.3868797 -0.3785398 -0.3785398 -0.3785398 0.06782591 -0.3868797 0.6299099 0.5463743 -0.3785398 -0.3785398 -0.3785398 -0.3785398 -0.3785398 0.2582425 -0.3785398 0.1785085 -0.3785398 0.04255232 0.1821572 0.0637575 0.1821572 -0.3676263 0.2727781 1 0.06610597 0.1833791 0.1821572 0.6228344 0.1769263 0.05854099 0.6380667 0.6310774 0.263782 0.6310774 0.6380667 -0.3676263 0.1529954 0.04999711 -0.3676263 0.1010392 0.175167 0.184592 0.6310774 0.257782 0.5575922 0.5393677
0.1861731 0.09549411 0.09549411 0.09549411 0.09549411 0.09549411 0.1190295 0.125638 0.09549411 0.1190295 -0.8420525 0.09549411 0.09549411 0.1190295 0.1190295 0.1190295 0.125638 0.09549411 0.315143 0.2574848 0.1190295 0.1190295 0.1190295 0.1190295 0.1190295 -0.861042 0.1190295 0.9403926 0.1190295 0.07882223 0.9482113 0.9943525 0.9482113 0.1155978 -0.861551 0.06610597 1 0.9452345 0.942611 0.3444614 0.9422613 -0.1861731 0.333337 0.3406882 -0.8647939 0.3406882 0.333337 0.1155978 0.08259482 -0.1590017 0.1155978 -0.3213267 0.8635552 0.866213 0.3406882 -0.8459432 0.3010171 0.2847967
0.1770205 -0.2103043 -0.2103043 -0.2103043 -0.2103043 -0.2103043 -0.1943089 -0.1713738 -0.2103043 -0.1943089 -0.7943037 -0.2103043 -0.2103043 -0.1943089 -0.1943089 -0.1943089 0.132134 -0.2103043 0.2984225 0.2418786 -0.1943089 -0.1943089 -0.1943089 -0.1943089 -0.1943089 -0.8182714 -0.1943089 0.9890144 -0.1943089 0.08289763 0.9917045 0.9450477 0.9917045 -0.1887068 -0.8131036 0.1833791 0.9452345 1 0.9972374 0.327527 0.9972341 -0.1770205 0.327527 0.3239393 -0.822279 0.3239393 0.327527 -0.1887068 0.0785343 -0.1511849 -0.1887068 -0.3055297 0.9150797 0.9189599 0.3239393 -0.804355 0.2862186 0.2698871
0.1765314 -0.2097233 -0.2097233 -0.2097233 -0.2097233 -0.2097233 -0.1937721 -0.1708272 -0.2097233 -0.1937721 -0.7920709 -0.2097233 -0.2097233 -0.1937721 -0.1937721 -0.1937721 0.1156485 -0.2097233 0.2975273 0.2410403 -0.1937721 -0.1937721 -0.1937721 -0.1937721 -0.1937721 -0.8159854 -0.1937721 0.9862342 -0.1937721 0.08312728 0.9889408 0.9424127 0.9889408 -0.1881855 -0.8108319 0.1821572 0.942611 0.9972374 1 0.3266222 0.9944791 -0.1765314 0.3266222 0.3230444 -0.8200073 0.3230444 0.3266222 -0.1881855 0.07831734 -0.1507672 -0.1881855 -0.3046856 0.9176699 0.9216163 0.3230444 -0.8021329 0.2854278 0.2690891
0.5404759 -0.02100218 -0.02100218 -0.02100218 -0.02100218 -0.02100218 0.04100108 0.04327746 -0.02100218 0.04100108 0.1596174 -0.02100218 -0.02100218 0.04100108 0.04100108 0.04100108 0.04327746 -0.02100218 0.9027929 0.7777811 0.04100108 0.04100108 0.04100108 0.04100108 0.04100108 0.1402523 0.04100108 0.323929 0.04100108 0.02715122 0.3266222 0.3425161 0.3266222 0.03981899 0.162395 0.6228344 0.3444614 0.327527 0.3266222 1 0.3174383 -0.001168871 0.9781814 0.9890461 0.161839 0.9890461 0.9781814 0.03981899 0.2397796 0.03190149 0.03981899 0.06446977 0.3050832 0.3117608 0.9890461 0.157953 0.8738776 0.8498335
0.1775114 -0.2108876 -0.2108876 -0.2108876 -0.2108876 -0.2108876 -0.1948478 -0.1719223 -0.2108876 -0.1948478 -0.7965453 -0.2108876 -0.2108876 -0.1948478 -0.1948478 -0.1948478 0.1317685 -0.2108876 0.2884268 0.2427197 -0.1948478 -0.1948478 -0.1948478 -0.1948478 -0.1948478 -0.8205664 -0.1948478 0.9862788 -0.1948478 0.08266834 0.9889428 0.9420945 0.9889428 -0.1892302 -0.8153843 0.1769263 0.9422613 0.9972341 0.9944791 0.3174383 1 -0.1775114 0.3174383 0.3137345 -0.8245597 0.3137345 0.3174383 -0.1892302 0.07875213 -0.1516042 -0.1892302 -0.3063771 0.9124934 0.9163072 0.3137345 -0.806586 0.2870124 0.2706881
0.02018843 -0.0239843 -0.0239843 -0.0239843 -0.0239843 -0.0239843 -0.02216009 -0.02339042 -0.0239843 -0.02216009 0.2179982 -0.0239843 -0.0239843 -0.02216009 -0.02216009 -0.02216009 -0.02339042 -0.0239843 0.03775892 0.03653132 -0.02216009 -0.02216009 -0.02216009 -0.02216009 -0.02216009 0.2132814 -0.02216009 -0.1750758 -0.02216009 -0.01467458 -0.1765314 -0.1851217 -0.1765314 -0.0215212 0.2146103 0.05854099 -0.1861731 -0.1770205 -0.1765314 -0.001168871 -0.1775114 1 0.03735306 0.03694389 0.2152803 0.03694389 0.03735306 -0.0215212 0.008956501 -0.01724199 -0.0215212 -0.03484435 -0.1648901 -0.1684992 0.03694389 0.2200775 0.032642 0.0335366
0.5404759 -0.05369141 -0.05369141 -0.05369141 -0.05369141 -0.05369141 0.005764324 0.009803669 -0.05369141 0.005764324 0.1713457 -0.05369141 -0.05369141 0.005764324 0.005764324 0.005764324 0.04327746 -0.05369141 0.9027929 0.7777811 0.005764324 0.005764324 0.005764324 0.005764324 0.005764324 0.1518799 0.005764324 0.323929 0.005764324 0.02715122 0.3266222 0.3314081 0.3266222 0.03981899 0.1740506 0.6380667 0.333337 0.327527 0.3266222 0.9781814 0.3174383 0.03735306 1 0.9890461 0.1735089 0.9890461 1 0.03981899 0.2397796 0.03190149 0.03981899 0.06446977 0.3050832 0.3117608 0.9890461 0.1697268 0.8738776 0.8498335
0.5464618 -0.02211926 -0.02211926 -0.02211926 -0.02211926 -0.02211926 0.04055196 0.0428034 -0.02211926 0.04055196 0.1694688 -0.02211926 -0.02211926 0.04055196 0.04055196 0.04055196 0.0428034 -0.02211926 0.9129454 0.7866803 0.04055196 0.04055196 0.04055196 0.04055196 0.04055196 0.149737 0.04055196 0.3203807 0.04055196 0.0268538 0.3230444 0.3387642 0.3230444 0.03938282 0.1721441 0.6310774 0.3406882 0.3239393 0.3230444 0.9890461 0.3137345 0.03694389 0.9890461 1 0.1716083 1 0.9890461 0.03938282 0.2424352 0.03155204 0.03938282 0.06376357 0.3017413 0.3083458 1 0.1678676 0.8835561 0.859314
0.0937774 -0.1114097 -0.1114097 -0.1114097 -0.1114097 -0.1114097 -0.102936 -0.108651 -0.1114097 -0.102936 0.9687135 -0.1114097 -0.1114097 -0.102936 -0.102936 -0.102936 -0.108651 -0.1114097 0.1522727 0.1458942 -0.102936 -0.102936 -0.102936 -0.102936 -0.102936 0.9782765 -0.102936 -0.8132458 -0.102936 -0.06816498 -0.8200073 -0.85991 -0.8200073 -0.0999683 0.9906536 0.263782 -0.8647939 -0.822279 -0.8200073 0.161839 -0.8245597 0.2152803 0.1735089 0.1716083 1 0.1716083 0.1735089 -0.0999683 0.04160391 0.1838608 -0.0999683 0.3715645 -0.7485236 -0.74776 0.1716083 0.9782021 0.1516256 0.1557811
0.5464618 -0.02211926 -0.02211926 -0.02211926 -0.02211926 -0.02211926 0.04055196 0.0428034 -0.02211926 0.04055196 0.1694688 -0.02211926 -0.02211926 0.04055196 0.04055196 0.04055196 0.0428034 -0.02211926 0.9129454 0.7866803 0.04055196 0.04055196 0.04055196 0.04055196 0.04055196 0.149737 0.04055196 0.3203807 0.04055196 0.0268538 0.3230444 0.3387642 0.3230444 0.03938282 0.1721441 0.6310774 0.3406882 0.3239393 0.3230444 0.9890461 0.3137345 0.03694389 0.9890461 1 0.1716083 1 0.9890461 0.03938282 0.2424352 0.03155204 0.03938282 0.06376357 0.3017413 0.3083458 1 0.1678676 0.8835561 0.859314
0.5404759 -0.05369141 -0.05369141 -0.05369141 -0.05369141 -0.05369141 0.005764324 0.009803669 -0.05369141 0.005764324 0.1713457 -0.05369141 -0.05369141 0.005764324 0.005764324 0.005764324 0.04327746 -0.05369141 0.9027929 0.7777811 0.005764324 0.005764324 0.005764324 0.005764324 0.005764324 0.1518799 0.005764324 0.323929 0.005764324 0.02715122 0.3266222 0.3314081 0.3266222 0.03981899 0.1740506 0.6380667 0.333337 0.327527 0.3266222 0.9781814 0.3174383 0.03735306 1 0.9890461 0.1735089 0.9890461 1 0.03981899 0.2397796 0.03190149 0.03981899 0.06446977 0.3050832 0.3117608 0.9890461 0.1697268 0.8738776 0.8498335
0.0215212 0.8973037 0.8973037 0.8973037 0.8973037 0.8973037 0.9711693 0.9200862 0.8973037 0.9711693 -0.09872196 0.8973037 0.8973037 0.9711693 0.9711693 0.9711693 -0.02493459 0.8973037 0.04025165 0.03894301 0.9711693 0.9711693 0.9711693 0.9711693 0.9711693 -0.1009052 0.9711693 -0.1866338 0.9711693 -0.01564335 -0.1881855 0.1162544 -0.1881855 1 -0.1002804 -0.3676263 0.1155978 -0.1887068 -0.1881855 0.03981899 -0.1892302 -0.0215212 0.03981899 0.03938282 -0.0999683 0.03938282 0.03981899 1 0.009547782 -0.01838025 1 -0.03714468 -0.1757757 -0.179623 0.03938282 -0.0977892 0.03479693 0.03575058
0.4436453 0.01064052 0.01064052 0.01064052 0.01064052 0.01064052 0.009831223 0.01037705 0.01064052 0.009831223 0.04108521 0.01064052 0.01064052 0.009831223 0.009831223 0.009831223 0.01037705 0.01064052 0.2372022 0.2451732 0.009831223 0.009831223 0.009831223 0.009831223 0.009831223 0.04199383 0.009831223 0.07767156 0.009831223 0.006510308 0.07831734 0.08212837 0.07831734 0.009547782 0.04173379 0.1529954 0.08259482 0.0785343 0.07831734 0.2397796 0.07875213 0.008956501 0.2397796 0.2424352 0.04160391 0.2424352 0.2397796 0.009547782 1 0.007649326 0.009547782 0.01545854 0.07315273 0.07475388 0.2424352 0.04069703 0.2743858 0.2670665
0.01724199 -0.02048387 -0.02048387 -0.02048387 -0.02048387 -0.02048387 -0.0189259 -0.01997666 -0.02048387 -0.0189259 0.186182 -0.02048387 -0.02048387 -0.0189259 -0.0189259 -0.0189259 -0.01997666 -0.02048387 0.03224812 0.03119968 -0.0189259 -0.0189259 -0.0189259 -0.0189259 -0.0189259 0.1821536 -0.0189259 -0.149524 -0.0189259 -0.01253287 -0.1507672 -0.1581037 -0.1507672 -0.01838025 0.1832886 0.04999711 -0.1590017 -0.1511849 -0.1507672 0.03190149 -0.1516042 -0.01724199 0.03190149 0.03155204 0.1838608 0.03155204 0.03190149 -0.01838025 0.007649326 1 -0.01838025 -0.02975893 -0.1408249 -0.1439072 0.03155204 0.1879579 0.027878 0.02864203
0.0215212 0.8973037 0.8973037 0.8973037 0.8973037 0.8973037 0.9711693 0.9200862 0.8973037 0.9711693 -0.09872196 0.8973037 0.8973037 0.9711693 0.9711693 0.9711693 -0.02493459 0.8973037 0.04025165 0.03894301 0.9711693 0.9711693 0.9711693 0.9711693 0.9711693 -0.1009052 0.9711693 -0.1866338 0.9711693 -0.01564335 -0.1881855 0.1162544 -0.1881855 1 -0.1002804 -0.3676263 0.1155978 -0.1887068 -0.1881855 0.03981899 -0.1892302 -0.0215212 0.03981899 0.03938282 -0.0999683 0.03938282 0.03981899 1 0.009547782 -0.01838025 1 -0.03714468 -0.1757757 -0.179623 0.03938282 -0.0977892 0.03479693 0.03575058
0.03484435 -0.04139588 -0.04139588 -0.04139588 -0.04139588 -0.04139588 -0.03824737 -0.04037086 -0.04139588 -0.03824737 0.3762555 -0.04139588 -0.04139588 -0.03824737 -0.03824737 -0.03824737 -0.04037086 -0.04139588 0.06517028 0.06305149 -0.03824737 -0.03824737 -0.03824737 -0.03824737 -0.03824737 0.3681145 -0.03824737 -0.3021733 -0.03824737 -0.02532769 -0.3046856 -0.319512 -0.3046856 -0.03714468 0.3704081 0.1010392 -0.3213267 -0.3055297 -0.3046856 0.06446977 -0.3063771 -0.03484435 0.06446977 0.06376357 0.3715645 0.06376357 0.06446977 -0.03714468 0.01545854 -0.02975893 -0.03714468 1 -0.2730604 -0.2908224 0.06376357 0.3798443 0.05633869 0.05788273
0.1648901 -0.1958932 -0.1958932 -0.1958932 -0.1958932 -0.1958932 -0.1809938 -0.1577529 -0.1958932 -0.1809938 -0.7272233 -0.1958932 -0.1958932 -0.1809938 -0.1809938 -0.1809938 -0.09117343 -0.1958932 0.3083981 0.254123 -0.1809938 -0.1809938 -0.1809938 -0.1809938 -0.1809938 -0.7499833 -0.1809938 0.9091073 -0.1809938 -0.1198554 0.9122081 0.8686182 0.9122081 -0.1757757 -0.7451403 0.175167 0.8635552 0.9150797 0.9176699 0.3050832 0.9124934 -0.1648901 0.3050832 0.3017413 -0.7485236 0.3017413 0.3050832 -0.1757757 0.07315273 -0.1408249 -0.1757757 -0.2730604 1 0.9515142 0.3017413 -0.7433819 0.2666054 0.2500471
0.1684992 -0.2001808 -0.2001808 -0.2001808 -0.2001808 -0.2001808 -0.1849554 -0.1618201 -0.2001808 -0.1849554 -0.7495307 -0.2001808 -0.2001808 -0.1849554 -0.1849554 -0.1849554 -0.111714 -0.2001808 0.3151483 0.2605018 -0.1849554 -0.1849554 -0.1849554 -0.1849554 -0.1849554 -0.7494206 -0.1849554 0.9131963 -0.1849554 0.0870899 0.9161358 0.8714108 0.9161358 -0.179623 -0.7444305 0.184592 0.866213 0.9189599 0.9216163 0.3117608 0.9163072 -0.1684992 0.3117608 0.3083458 -0.74776 0.3083458 0.3117608 -0.179623 0.07475388 -0.1439072 -0.179623 -0.2908224 0.9515142 1 0.3083458 -0.7656356 0.2724408 0.2559605
0.5464618 -0.02211926 -0.02211926 -0.02211926 -0.02211926 -0.02211926 0.04055196 0.0428034 -0.02211926 0.04055196 0.1694688 -0.02211926 -0.02211926 0.04055196 0.04055196 0.04055196 0.0428034 -0.02211926 0.9129454 0.7866803 0.04055196 0.04055196 0.04055196 0.04055196 0.04055196 0.149737 0.04055196 0.3203807 0.04055196 0.0268538 0.3230444 0.3387642 0.3230444 0.03938282 0.1721441 0.6310774 0.3406882 0.3239393 0.3230444 0.9890461 0.3137345 0.03694389 0.9890461 1 0.1716083 1 0.9890461 0.03938282 0.2424352 0.03155204 0.03938282 0.06376357 0.3017413 0.3083458 1 0.1678676 0.8835561 0.859314
0.09173325 -0.1089812 -0.1089812 -0.1089812 -0.1089812 -0.1089812 -0.1006922 -0.1062826 -0.1089812 -0.1006922 0.9778938 -0.1089812 -0.1089812 -0.1006922 -0.1006922 -0.1006922 -0.1062826 -0.1089812 0.1599073 0.1539881 -0.1006922 -0.1006922 -0.1006922 -0.1006922 -0.1006922 0.9628447 -0.1006922 -0.7955187 -0.1006922 -0.06667913 -0.8021329 -0.8411657 -0.8021329 -0.0977892 0.968868 0.257782 -0.8459432 -0.804355 -0.8021329 0.157953 -0.806586 0.2200775 0.1697268 0.1678676 0.9782021 0.1678676 0.1697268 -0.0977892 0.04069703 0.1879579 -0.0977892 0.3798443 -0.7433819 -0.7656356 0.1678676 1 0.1483205 0.1523854
0.61848 -0.03489177 -0.03489177 -0.03489177 -0.03489177 -0.03489177 0.03582993 0.0378192 -0.03489177 0.03582993 0.1497352 -0.03489177 -0.03489177 0.03582993 0.03582993 0.03582993 0.0378192 -0.03489177 0.7914158 0.6679187 0.03582993 0.03582993 0.03582993 0.03582993 0.03582993 0.1268417 0.03582993 0.2830743 0.03582993 0.02372684 0.2854278 0.2993171 0.2854278 0.03479693 0.152099 0.5575922 0.3010171 0.2862186 0.2854278 0.8738776 0.2870124 0.032642 0.8738776 0.8835561 0.1516256 0.8835561 0.8738776 0.03479693 0.2743858 0.027878 0.03479693 0.05633869 0.2666054 0.2724408 0.8835561 0.1483205 1 0.9733248
0.6019819 -0.03206351 -0.03206351 -0.03206351 -0.03206351 -0.03206351 0.03681189 0.03885569 -0.03206351 0.03681189 0.1538389 -0.03206351 -0.03206351 0.03681189 0.03681189 0.03681189 0.03885569 -0.03206351 0.7693141 0.6488784 0.03681189 0.03681189 0.03681189 0.03681189 0.03681189 0.1316641 0.03681189 0.2667129 0.03681189 0.02437711 0.2690891 0.2830863 0.2690891 0.03575058 0.1562674 0.5393677 0.2847967 0.2698871 0.2690891 0.8498335 0.2706881 0.0335366 0.8498335 0.859314 0.1557811 0.859314 0.8498335 0.03575058 0.2670665 0.02864203 0.03575058 0.05788273 0.2500471 0.2559605 0.859314 0.1523854 0.9733248 1
