1 0.08474275 -0.02118108 0.1425146 -0.02000824 -0.07398521 -0.03318601 0.147696 -0.04279546 -0.1039847 0.09156429 -0.08420177 -0.1039847 -0.04279546 -0.02992449 -0.1045664 -0.1028266 -0.08420177 -0.04279546 -0.08393148 -0.1039847 -0.0243956 -0.08393148 -0.08393148 -0.08393148 -0.08393148 -0.02773322 -0.03199349 -0.1045664 -0.07989049 -0.08393148 -0.08420177 -0.04213552 1
0.08474275 1 0.102864 0.4321925 0.09716824 0.3456854 0.1611649 0.4060976 0.2078324 -0.7970358 -0.4260742 -0.987212 -0.7970358 0.2078324 -0.3531216 -0.7925261 -0.7822115 -0.987212 0.2078324 -0.9904268 -0.7970358 0.06971267 -0.9904268 -0.9904268 -0.9904268 -0.9904268 0.1346839 0.1553736 -0.7925261 -0.9427413 -0.9904268 -0.987212 0.2046274 0.08474275
-0.02118108 0.102864 1 0.1894772 -0.02428678 -0.0700117 -0.04028247 0.05158437 -0.0519468 -0.1262207 -0.2313247 -0.1022074 -0.1262207 -0.0519468 -0.03632351 -0.1269267 -0.1248149 -0.1022074 -0.0519468 -0.1018793 -0.1262207 -0.02961233 -0.1018793 -0.1018793 -0.1018793 -0.1018793 -0.03366365 -0.03883495 -0.1269267 -0.09697418 -0.1018793 -0.1022074 -0.05114573 -0.02118108
0.1425146 0.4321925 0.1894772 1 0.1373007 0.164447 0.1756006 0.4153867 -0.2020997 -0.5375025 -0.6813044 -0.4476912 -0.5375025 -0.2020997 -0.1483362 -0.5349296 -0.5311983 -0.4476912 -0.2020997 -0.446226 -0.5375025 0.1812031 -0.446226 -0.446226 -0.446226 -0.446226 -0.06616836 -0.1602415 -0.5349296 -0.424308 -0.446226 -0.441531 -0.1981794 0.1425146
-0.02000824 0.09716824 -0.02428678 0.1373007 1 0.2495375 0.4520969 -0.0284744 -0.04907039 -0.1192316 -0.2185158 -0.09654794 -0.1192316 -0.04907039 -0.0343122 -0.1198985 -0.1179037 -0.09654794 -0.04907039 -0.09623803 -0.1192316 -0.02797263 -0.09623803 -0.09623803 -0.09623803 -0.09623803 -0.03179963 -0.03668457 -0.1198985 -0.09160452 -0.09623803 -0.09654794 -0.04831368 -0.02000824
-0.07398521 0.3456854 -0.0700117 0.164447 0.2495375 1 0.1604689 -0.01655764 0.5784327 0.03025482 -0.1471082 -0.343355 0.03025482 0.5784327 -0.1268775 0.03353754 0.03643387 -0.343355 0.5784327 -0.3421905 0.03025482 -0.01680112 -0.3421905 -0.3421905 -0.3421905 -0.3421905 -0.1175867 0.4189052 0.03353754 -0.3247536 -0.3421905 -0.343355 0.5695127 -0.07398521
-0.03318601 0.1611649 -0.04028247 0.1756006 0.4520969 0.1604689 1 0.1128612 -0.08138899 -0.1977596 -0.1478051 -0.1601361 -0.1977596 -0.08138899 -0.0569108 -0.1988657 -0.1955571 -0.1601361 -0.08138899 -0.159622 -0.1977596 -0.04639589 -0.159622 -0.159622 -0.159622 -0.159622 0.1416014 -0.06084566 -0.1988657 -0.1519368 -0.159622 -0.1601361 -0.0801339 -0.03318601
0.147696 0.4060976 0.05158437 0.4153867 -0.0284744 -0.01655764 0.1128612 1 -0.1950252 -0.503376 -0.364414 -0.4156136 -0.503376 -0.1950252 -0.143461 -0.4948789 -0.4972078 -0.4093904 -0.1950252 -0.4141656 -0.503376 0.1566738 -0.4141656 -0.4141656 -0.4141656 -0.4141656 -0.06092209 -0.1427167 -0.4948789 -0.3924719 -0.4141656 -0.4156136 -0.1912059 0.147696
-0.04279546 0.2078324 -0.0519468 -0.2020997 -0.04907039 0.5784327 -0.08138899 -0.1950252 1 0.4115552 0.2245623 -0.2065056 0.4115552 1 -0.07339009 0.4092661 0.4161905 -0.2065056 1 -0.2058427 0.4115552 -0.05983044 -0.2058427 -0.2058427 -0.2058427 -0.2058427 -0.06801597 0.7279228 0.4092661 -0.1959322 -0.2058427 -0.2065056 0.9845791 -0.04279546
-0.1039847 -0.7970358 -0.1262207 -0.5375025 -0.1192316 0.03025482 -0.1977596 -0.503376 0.4115552 1 0.5456431 0.8037625 1 0.4115552 0.2877777 0.9944378 0.9888626 0.8037625 0.4115552 0.8071519 1 -0.1453765 0.8071519 0.8071519 0.8071519 0.8071519 -0.1652657 0.2958099 0.9944378 0.7682905 0.8071519 0.8037625 0.4052087 -0.1039847
0.09156429 -0.4260742 -0.2313247 -0.6813044 -0.2185158 -0.1471082 -0.1478051 -0.364414 0.2245623 0.5456431 1 0.4418351 0.5456431 0.2245623 0.1570239 0.548695 0.539566 0.4418351 0.2245623 0.4404169 0.5456431 -0.234876 0.4404169 0.4404169 0.4404169 0.4404169 0.1455256 0.1678807 0.548695 0.4192124 0.4404169 0.4356186 0.2210993 0.09156429
-0.08420177 -0.987212 -0.1022074 -0.4476912 -0.09654794 -0.343355 -0.1601361 -0.4156136 -0.2065056 0.8037625 0.4418351 1 0.8037625 -0.2065056 0.3553903 0.7992662 0.7888473 0.9935785 -0.2065056 0.99679 0.8037625 -0.1177188 0.99679 0.99679 0.99679 0.99679 -0.1338241 -0.1543817 0.7992662 0.9487982 0.99679 0.9935785 -0.2033211 -0.08420177
-0.1039847 -0.7970358 -0.1262207 -0.5375025 -0.1192316 0.03025482 -0.1977596 -0.503376 0.4115552 1 0.5456431 0.8037625 1 0.4115552 0.2877777 0.9944378 0.9888626 0.8037625 0.4115552 0.8071519 1 -0.1453765 0.8071519 0.8071519 0.8071519 0.8071519 -0.1652657 0.2958099 0.9944378 0.7682905 0.8071519 0.8037625 0.4052087 -0.1039847
-0.04279546 0.2078324 -0.0519468 -0.2020997 -0.04907039 0.5784327 -0.08138899 -0.1950252 1 0.4115552 0.2245623 -0.2065056 0.4115552 1 -0.07339009 0.4092661 0.4161905 -0.2065056 1 -0.2058427 0.4115552 -0.05983044 -0.2058427 -0.2058427 -0.2058427 -0.2058427 -0.06801597 0.7279228 0.4092661 -0.1959322 -0.2058427 -0.2065056 0.9845791 -0.04279546
-0.02992449 -0.3531216 -0.03632351 -0.1483362 -0.0343122 -0.1268775 -0.0569108 -0.143461 -0.07339009 0.2877777 0.1570239 0.3553903 0.2877777 -0.07339009 1 0.286177 0.2910189 0.3553903 -0.07339009 0.3565347 0.2877777 -0.04183611 0.3565347 0.3565347 0.3565347 0.3565347 -0.04755979 -0.05486576 0.286177 0.3469163 0.3565347 0.3553903 -0.07225835 -0.02992449
-0.1045664 -0.7925261 -0.1269267 -0.5349296 -0.1198985 0.03353754 -0.1988657 -0.4948789 0.4092661 0.9944378 0.548695 0.7992662 0.9944378 0.4092661 0.286177 1 0.9833623 0.7992662 0.4092661 0.8026624 0.9944378 -0.1461896 0.8026624 0.8026624 0.8026624 0.8026624 -0.1661901 0.2941139 1 0.7640171 0.8026624 0.7992662 0.4029548 -0.1045664
-0.1028266 -0.7822115 -0.1248149 -0.5311983 -0.1179037 0.03643387 -0.1955571 -0.4972078 0.4161905 0.9888626 0.539566 0.7888473 0.9888626 0.4161905 0.2910189 0.9833623 1 0.7888473 0.4161905 0.7921908 0.9888626 -0.1437573 0.7921908 0.7921908 0.7921908 0.7921908 -0.1634251 0.2992433 0.9833623 0.752358 0.7921908 0.7888473 0.4097725 -0.1028266
-0.08420177 -0.987212 -0.1022074 -0.4476912 -0.09654794 -0.343355 -0.1601361 -0.4093904 -0.2065056 0.8037625 0.4418351 0.9935785 0.8037625 -0.2065056 0.3553903 0.7992662 0.7888473 1 -0.2065056 0.99679 0.8037625 -0.1177188 0.99679 0.99679 0.99679 0.99679 -0.1338241 -0.1543817 0.7992662 0.9487982 0.99679 0.9935785 -0.2033211 -0.08420177
-0.04279546 0.2078324 -0.0519468 -0.2020997 -0.04907039 0.5784327 -0.08138899 -0.1950252 1 0.4115552 0.2245623 -0.2065056 0.4115552 1 -0.07339009 0.4092661 0.4161905 -0.2065056 1 -0.2058427 0.4115552 -0.05983044 -0.2058427 -0.2058427 -0.2058427 -0.2058427 -0.06801597 0.7279228 0.4092661 -0.1959322 -0.2058427 -0.2065056 0.9845791 -0.04279546
-0.08393148 -0.9904268 -0.1018793 -0.446226 -0.09623803 -0.3421905 -0.159622 -0.4141656 -0.2058427 0.8071519 0.4404169 0.99679 0.8071519 -0.2058427 0.3565347 0.8026624 0.7921908 0.99679 -0.2058427 1 0.8071519 -0.1173409 1 1 1 1 -0.1333945 -0.1538861 0.8026624 0.9518536 1 0.99679 -0.2026685 -0.08393148
-0.1039847 -0.7970358 -0.1262207 -0.5375025 -0.1192316 0.03025482 -0.1977596 -0.503376 0.4115552 1 0.5456431 0.8037625 1 0.4115552 0.2877777 0.9944378 0.9888626 0.8037625 0.4115552 0.8071519 1 -0.1453765 0.8071519 0.8071519 0.8071519 0.8071519 -0.1652657 0.2958099 0.9944378 0.7682905 0.8071519 0.8037625 0.4052087 -0.1039847
-0.0243956 0.06971267 -0.02961233 0.1812031 -0.02797263 -0.01680112 -0.04639589 0.1566738 -0.05983044 -0.1453765 -0.234876 -0.1177188 -0.1453765 -0.05983044 -0.04183611 -0.1461896 -0.1437573 -0.1177188 -0.05983044 -0.1173409 -0.1453765 1 -0.1173409 -0.1173409 -0.1173409 -0.1173409 -0.03877258 -0.04472869 -0.1461896 -0.1116914 -0.1173409 -0.1177188 -0.0589078 -0.0243956
-0.08393148 -0.9904268 -0.1018793 -0.446226 -0.09623803 -0.3421905 -0.159622 -0.4141656 -0.2058427 0.8071519 0.4404169 0.99679 0.8071519 -0.2058427 0.3565347 0.8026624 0.7921908 0.99679 -0.2058427 1 0.8071519 -0.1173409 1 1 1 1 -0.1333945 -0.1538861 0.8026624 0.9518536 1 0.99679 -0.2026685 -0.08393148
-0.08393148 -0.9904268 -0.1018793 -0.446226 -0.09623803 -0.3421905 -0.159622 -0.4141656 -0.2058427 0.8071519 0.4404169 0.99679 0.8071519 -0.2058427 0.3565347 0.8026624 0.7921908 0.99679 -0.2058427 1 0.8071519 -0.1173409 1 1 1 1 -0.1333945 -0.1538861 0.8026624 0.9518536 1 0.99679 -0.2026685 -0.08393148
-0.08393148 -0.9904268 -0.1018793 -0.446226 -0.09623803 -0.3421905 -0.159622 -0.4141656 -0.2058427 0.8071519 0.4404169 0.99679 0.8071519 -0.2058427 0.3565347 0.8026624 0.7921908 0.99679 -0.2058427 1 0.8071519 -0.1173409 1 1 1 1 -0.1333945 -0.1538861 0.8026624 0.9518536 1 0.99679 -0.2026685 -0.08393148
-0.08393148 -0.9904268 -0.1018793 -0.446226 -0.09623803 -0.3421905 -0.159622 -0.4141656 -0.2058427 0.8071519 0.4404169 0.99679 0.8071519 -0.2058427 0.3565347 0.8026624 0.7921908 0.99679 -0.2058427 1 0.8071519 -0.1173409 1 1 1 1 -0.1333945 -0.1538861 0.8026624 0.9518536 1 0.99679 -0.2026685 -0.08393148
-0.02773322 0.1346839 -0.03366365 -0.06616836 -0.03179963 -0.1175867 0.1416014 -0.06092209 -0.06801597 -0.1652657 0.1455256 -0.1338241 -0.1652657 -0.06801597 -0.04755979 -0.1661901 -0.1634251 -0.1338241 -0.06801597 -0.1333945 -0.1652657 -0.03877258 -0.1333945 -0.1333945 -0.1333945 -0.1333945 1 -0.05084811 -0.1661901 -0.1269721 -0.1333945 -0.1338241 -0.0669671 -0.02773322
-0.03199349 0.1553736 -0.03883495 -0.1602415 -0.03668457 0.4189052 -0.06084566 -0.1427167 0.7279228 0.2958099 0.1678807 -0.1543817 0.2958099 0.7279228 -0.05486576 0.2941139 0.2992433 -0.1543817 0.7279228 -0.1538861 0.2958099 -0.04472869 -0.1538861 -0.1538861 -0.1538861 -0.1538861 -0.05084811 1 0.2941139 -0.1464771 -0.1538861 -0.1543817 0.699546 -0.03199349
-0.1045664 -0.7925261 -0.1269267 -0.5349296 -0.1198985 0.03353754 -0.1988657 -0.4948789 0.4092661 0.9944378 0.548695 0.7992662 0.9944378 0.4092661 0.286177 1 0.9833623 0.7992662 0.4092661 0.8026624 0.9944378 -0.1461896 0.8026624 0.8026624 0.8026624 0.8026624 -0.1661901 0.2941139 1 0.7640171 0.8026624 0.7992662 0.4029548 -0.1045664
-0.07989049 -0.9427413 -0.09697418 -0.424308 -0.09160452 -0.3247536 -0.1519368 -0.3924719 -0.1959322 0.7682905 0.4192124 0.9487982 0.7682905 -0.1959322 0.3469163 0.7640171 0.752358 0.9487982 -0.1959322 0.9518536 0.7682905 -0.1116914 0.9518536 0.9518536 0.9518536 0.9518536 -0.1269721 -0.1464771 0.7640171 1 0.9518536 0.9487982 -0.1929107 -0.07989049
-0.08393148 -0.9904268 -0.1018793 -0.446226 -0.09623803 -0.3421905 -0.159622 -0.4141656 -0.2058427 0.8071519 0.4404169 0.99679 0.8071519 -0.2058427 0.3565347 0.8026624 0.7921908 0.99679 -0.2058427 1 0.8071519 -0.1173409 1 1 1 1 -0.1333945 -0.1538861 0.8026624 0.9518536 1 0.99679 -0.2026685 -0.08393148
-0.08420177 -0.987212 -0.1022074 -0.441531 -0.09654794 -0.343355 -0.1601361 -0.4156136 -0.2065056 0.8037625 0.4356186 0.9935785 0.8037625 -0.2065056 0.3553903 0.7992662 0.7888473 0.9935785 -0.2065056 0.99679 0.8037625 -0.1177188 0.99679 0.99679 0.99679 0.99679 -0.1338241 -0.1543817 0.7992662 0.9487982 0.99679 1 -0.2033211 -0.08420177
-0.04213552 0.2046274 -0.05114573 -0.1981794 -0.04831368 0.5695127 -0.0801339 -0.1912059 0.9845791 0.4052087 0.2210993 -0.2033211 0.4052087 0.9845791 -0.07225835 0.4029548 0.4097725 -0.2033211 0.9845791 -0.2026685 0.4052087 -0.0589078 -0.2026685 -0.2026685 -0.2026685 -0.2026685 -0.0669671 0.699546 0.4029548 -0.1929107 -0.2026685 -0.2033211 1 -0.04213552
1 0.08474275 -0.02118108 0.1425146 -0.02000824 -0.07398521 -0.03318601 0.147696 -0.04279546 -0.1039847 0.09156429 -0.08420177 -0.1039847 -0.04279546 -0.02992449 -0.1045664 -0.1028266 -0.08420177 -0.04279546 -0.08393148 -0.1039847 -0.0243956 -0.08393148 -0.08393148 -0.08393148 -0.08393148 -0.02773322 -0.03199349 -0.1045664 -0.07989049 -0.08393148 -0.08420177 -0.04213552 1
