1 -0.05868443 -0.01194163 -0.02655391 -0.05931382 -0.04699008 0.1040598 0.1066917 0.01818387 0.1080209 -0.04894141 0.02563844 -0.01194163 -0.01194163 -0.01610775 -0.05679488
-0.05868443 1 -0.06569885 -0.1460907 0.9680531 -0.2177834 0.5681419 -0.152081 0.5596866 -0.5309714 -0.2692592 0.1410541 -0.06569885 -0.06569885 -0.08861943 0.9459787
-0.01194163 -0.06569885 1 -0.02972784 -0.06640346 -0.0526067 -0.0476385 -0.03541109 -0.05454977 -0.1105493 -0.05479126 -0.4657705 -0.01336898 -0.01336898 -0.01803307 -0.03619921
-0.02655391 -0.1460907 -0.02972784 1 -0.1223238 -0.1169785 -0.07486882 -0.07874159 -0.09294741 0.2470068 -0.1218362 0.06382508 -0.02972784 -0.02972784 -0.04009909 -0.1284309
-0.05931382 0.9680531 -0.06640346 -0.1223238 1 -0.2126721 0.561296 -0.1540659 0.5365062 -0.5246328 -0.264253 0.1425669 -0.06640346 -0.06640346 -0.08956986 0.9285923
-0.04699008 -0.2177834 -0.0526067 -0.1169785 -0.2126721 1 -0.1079645 -0.139342 -0.07861012 -0.4209958 0.8696885 0.1129455 -0.0526067 -0.02193295 -0.07095978 -0.2087549
0.1040598 0.5681419 -0.0476385 -0.07486882 0.561296 -0.1079645 1 -0.07267402 0.5141734 -0.281447 -0.1662038 0.1022789 -0.0476385 -0.0476385 -0.01505851 0.491972
0.1066917 -0.152081 -0.03541109 -0.07874159 -0.1540659 -0.139342 -0.07267402 1 -0.1200689 0.1976921 -0.08424992 0.05587711 -0.03541109 0.005883688 -0.04776507 -0.1572575
0.01818387 0.5596866 -0.05454977 -0.09294741 0.5365062 -0.07861012 0.5141734 -0.1200689 1 -0.2868124 -0.1263867 0.1171173 -0.05454977 -0.02458692 -0.07358073 0.5259533
0.1080209 -0.5309714 -0.1105493 0.2470068 -0.5246328 -0.4209958 -0.281447 0.1976921 -0.2868124 1 -0.4530736 0.2147568 0.1209324 0.05148787 0.1631224 -0.5132663
-0.04894141 -0.2692592 -0.05479126 -0.1218362 -0.264253 0.8696885 -0.1662038 -0.08424992 -0.1263867 -0.4530736 1 0.1176357 -0.05479126 -0.02491228 -0.07390647 -0.2525153
0.02563844 0.1410541 -0.4657705 0.06382508 0.1425669 0.1129455 0.1022789 0.05587711 0.1171173 0.2147568 0.1176357 1 0.02870294 0.02870294 0.03871664 0.1231503
-0.01194163 -0.06569885 -0.01336898 -0.02972784 -0.06640346 -0.0526067 -0.0476385 -0.03541109 -0.05454977 0.1209324 -0.05479126 0.02870294 1 -0.01336898 -0.01803307 -0.06358344
-0.01194163 -0.06569885 -0.01336898 -0.02972784 -0.06640346 -0.02193295 -0.0476385 0.005883688 -0.02458692 0.05148787 -0.02491228 0.02870294 -0.01336898 1 -0.01803307 -0.06358344
-0.01610775 -0.08861943 -0.01803307 -0.04009909 -0.08956986 -0.07095978 -0.01505851 -0.04776507 -0.07358073 0.1631224 -0.07390647 0.03871664 -0.01803307 -0.01803307 1 -0.08576602
-0.05679488 0.9459787 -0.03619921 -0.1284309 0.9285923 -0.2087549 0.491972 -0.1572575 0.5259533 -0.5132663 -0.2525153 0.1231503 -0.06358344 -0.06358344 -0.08576602 1
