1 1 -0.02437499 -0.02437499 -0.02437499 -0.1276363 0.9408803 -0.1276363 -0.1276363 -0.1170139 -0.1174052 0.2525237 0.2532975 -0.02222145 0.9806362 0.2675459 0.2548561 0.2532975 -0.02222145 0.2464611 0.2548561 -0.05836244 -0.0922735 -0.02106704 -0.05107302
1 1 -0.02437499 -0.02437499 -0.02437499 -0.1276363 0.9408803 -0.1276363 -0.1276363 -0.1170139 -0.1174052 0.2525237 0.2532975 -0.02222145 0.9806362 0.2675459 0.2548561 0.2532975 -0.02222145 0.2464611 0.2548561 -0.05836244 -0.0922735 -0.02106704 -0.05107302
-0.02437499 -0.02437499 1 1 1 -0.08423107 -0.02293395 -0.08423107 -0.08423107 -0.07722103 -0.07747923 -0.09110581 -0.09083828 -0.01466461 -0.023903 -0.09110581 -0.09030407 -0.09083828 -0.01466461 -0.09325658 -0.09030407 -0.03851514 -0.06089407 -0.01390278 -0.03370463
-0.02437499 -0.02437499 1 1 1 -0.08423107 -0.02293395 -0.08423107 -0.08423107 -0.07722103 -0.07747923 -0.09110581 -0.09083828 -0.01466461 -0.023903 -0.09110581 -0.09030407 -0.09083828 -0.01466461 -0.09325658 -0.09030407 -0.03851514 -0.06089407 -0.01390278 -0.03370463
-0.02437499 -0.02437499 1 1 1 -0.08423107 -0.02293395 -0.08423107 -0.08423107 -0.07722103 -0.07747923 -0.09110581 -0.09083828 -0.01466461 -0.023903 -0.09110581 -0.09030407 -0.09083828 -0.01466461 -0.09325658 -0.09030407 -0.03851514 -0.06089407 -0.01390278 -0.03370463
-0.1276363 -0.1276363 -0.08423107 -0.08423107 -0.08423107 1 -0.1200905 0.9937885 1 0.916776 0.9198414 0.9245412 0.921217 -0.001522545 -0.1251648 0.9184998 0.9145734 0.921217 -0.07678923 0.8792264 0.9085148 -0.1810876 -0.3188636 0.1650552 0.3886122
0.9408803 0.9408803 -0.02293395 -0.02293395 -0.02293395 -0.1200905 1 -0.1200905 -0.1200905 -0.1100961 -0.1104642 0.2517287 0.2524701 -0.02090773 0.9594591 0.2517287 0.2539636 0.2524701 -0.02090773 0.2459231 0.2539636 -0.05491207 -0.08681833 -0.01982156 -0.0480536
-0.1276363 -0.1276363 -0.08423107 -0.08423107 -0.08423107 0.9937885 -0.1200905 1 0.9937885 0.916776 0.9198414 0.9184998 0.921217 -0.001522545 -0.1251648 0.9124584 0.9145734 0.9151699 -0.07678923 0.8792264 0.9085148 -0.1810876 -0.3188636 0.1650552 0.3886122
-0.1276363 -0.1276363 -0.08423107 -0.08423107 -0.08423107 1 -0.1200905 0.9937885 1 0.916776 0.9198414 0.9245412 0.921217 -0.001522545 -0.1251648 0.9184998 0.9145734 0.921217 -0.07678923 0.8792264 0.9085148 -0.1810876 -0.3188636 0.1650552 0.3886122
-0.1170139 -0.1170139 -0.07722103 -0.07722103 -0.07722103 0.916776 -0.1100961 0.916776 0.916776 1 0.9966675 0.8475972 0.8500934 0.007692327 -0.1147481 0.8413291 0.8425503 0.8438194 -0.07039853 0.8093798 0.8362643 -0.1635304 -0.2923265 0.1800387 0.4245042
-0.1174052 -0.1174052 -0.07747923 -0.07747923 -0.07747923 0.9198414 -0.1104642 0.9198414 0.9198414 0.9966675 1 0.8504313 0.8529359 0.007337698 -0.1151318 0.8441728 0.8454288 0.8466714 -0.07063391 0.812177 0.8391523 -0.1641812 -0.2933039 0.1794388 0.4230679
0.2525237 0.2525237 -0.09110581 -0.09110581 -0.09110581 0.9245412 0.2517287 0.9184998 0.9245412 0.8475972 0.8504313 1 0.9970636 -0.009850897 0.2623652 0.994124 0.9911999 0.9970636 -0.08305658 0.9536019 0.9853071 -0.198112 -0.3448885 0.1526003 0.3587335
0.2532975 0.2532975 -0.09083828 -0.09083828 -0.09083828 0.921217 0.2524701 0.921217 0.921217 0.8500934 0.8529359 0.9970636 1 -0.00953796 0.2631379 0.9911821 0.9941191 0.9941129 -0.08281269 0.9565505 0.9882207 -0.1974526 -0.3438757 0.1530498 0.3598125
-0.02222145 -0.02222145 -0.01466461 -0.01466461 -0.01466461 -0.001522545 -0.02090773 -0.001522545 -0.001522545 0.007692327 0.007337698 -0.009850897 -0.00953796 1 -0.02179116 -0.009850897 -0.008910544 -0.00953796 -0.01336898 -0.0123371 -0.008910544 -0.03511231 0.09265375 -0.01267446 -0.03072682
0.9806362 0.9806362 -0.023903 -0.023903 -0.023903 -0.1251648 0.9594591 -0.1251648 -0.1251648 -0.1147481 -0.1151318 0.2623652 0.2631379 -0.02179116 1 0.2623652 0.2646946 0.2631379 -0.02179116 0.2563143 0.2646946 -0.05723232 -0.09048674 -0.0206591 -0.05008406
0.2675459 0.2675459 -0.09110581 -0.09110581 -0.09110581 0.9184998 0.2517287 0.9124584 0.9184998 0.8413291 0.8441728 0.994124 0.9911821 -0.009850897 0.2623652 1 0.9911999 0.9970636 -0.08305658 0.9536019 0.9853071 -0.208126 -0.3448885 0.1526003 0.3587335
0.2548561 0.2548561 -0.09030407 -0.09030407 -0.09030407 0.9145734 0.2539636 0.9145734 0.9145734 0.8425503 0.8454288 0.9911999 0.9941191 -0.008910544 0.2646946 0.9911999 1 0.9941191 -0.08232567 0.9566389 0.9881807 -0.2061777 -0.3418534 0.1539552 0.3619859
0.2532975 0.2532975 -0.09083828 -0.09083828 -0.09083828 0.921217 0.2524701 0.9151699 0.921217 0.8438194 0.8466714 0.9970636 0.9941129 -0.00953796 0.2631379 0.9970636 0.9941191 1 -0.08281269 0.9565505 0.9882207 -0.207476 -0.3438757 0.1530498 0.3598125
-0.02222145 -0.02222145 -0.01466461 -0.01466461 -0.01466461 -0.07678923 -0.02090773 -0.07678923 -0.07678923 -0.07039853 -0.07063391 -0.08305658 -0.08281269 -0.01336898 -0.02179116 -0.08305658 -0.08232567 -0.08281269 1 0.1572501 -0.08232567 -0.03511231 -0.05551406 -0.01267446 -0.03072682
0.2464611 0.2464611 -0.09325658 -0.09325658 -0.09325658 0.8792264 0.2459231 0.8792264 0.8792264 0.8093798 0.812177 0.9536019 0.9565505 -0.0123371 0.2563143 0.9536019 0.9566389 0.9565505 0.1572501 1 0.9683399 -0.2232896 -0.3530304 0.1490809 0.3502819
0.2548561 0.2548561 -0.09030407 -0.09030407 -0.09030407 0.9085148 0.2539636 0.9085148 0.9085148 0.8362643 0.8391523 0.9853071 0.9882207 -0.008910544 0.2646946 0.9853071 0.9881807 0.9882207 -0.08232567 0.9683399 1 -0.2162202 -0.3418534 0.1539552 0.3619859
-0.05836244 -0.05836244 -0.03851514 -0.03851514 -0.03851514 -0.1810876 -0.05491207 -0.1810876 -0.1810876 -0.1635304 -0.1641812 -0.198112 -0.1974526 -0.03511231 -0.05723232 -0.208126 -0.2061777 -0.207476 -0.03511231 -0.2232896 -0.2162202 1 -0.1458022 -0.03328822 -0.06158491
-0.0922735 -0.0922735 -0.06089407 -0.06089407 -0.06089407 -0.3188636 -0.08681833 -0.3188636 -0.3188636 -0.2923265 -0.2933039 -0.3448885 -0.3438757 0.09265375 -0.09048674 -0.3448885 -0.3418534 -0.3438757 -0.05551406 -0.3530304 -0.3418534 -0.1458022 1 -0.0526301 -0.1275916
-0.02106704 -0.02106704 -0.01390278 -0.01390278 -0.01390278 0.1650552 -0.01982156 0.1650552 0.1650552 0.1800387 0.1794388 0.1526003 0.1530498 -0.01267446 -0.0206591 0.1526003 0.1539552 0.1530498 -0.01267446 0.1490809 0.1539552 -0.03328822 -0.0526301 1 -0.02913055
-0.05107302 -0.05107302 -0.03370463 -0.03370463 -0.03370463 0.3886122 -0.0480536 0.3886122 0.3886122 0.4245042 0.4230679 0.3587335 0.3598125 -0.03072682 -0.05008406 0.3587335 0.3619859 0.3598125 -0.03072682 0.3502819 0.3619859 -0.06158491 -0.1275916 -0.02913055 1
