1 -0.8199139 -0.1137771 -0.1037249 -0.8199139 0.2142345 0.2789419 0.8637222 -0.3132429 -0.02482653 -0.2706887 -0.6778114 -0.6725025 -0.6797109 -0.1852454 -0.4394543 0.830635 -0.3019899 -0.6458275
-0.8199139 1 0.1387672 0.126507 1 -0.1756539 -0.2376435 -0.7396331 0.4712631 -0.1001878 0.3745781 0.8784226 0.8731235 0.8660237 0.2259327 0.5502989 -0.7196171 0.372045 0.8417603
-0.1137771 0.1387672 1 -0.01466461 0.1387672 -0.02437499 -0.03297711 -0.02708323 -0.01452788 -0.01390278 0.09515338 0.1248376 0.1248376 0.1238529 0.0271756 0.1577976 -0.1043549 0.122406 0.1278377
-0.1037249 0.126507 -0.01466461 1 0.126507 -0.02222145 -0.03006358 -0.1023474 -0.06857854 -0.01267446 -0.06781262 0.1138081 0.1138081 0.1129105 -0.02387607 0.1643298 -0.09513508 0.2887035 0.1165432
-0.8199139 1 0.1387672 0.126507 1 -0.1756539 -0.2376435 -0.7396331 0.4712631 -0.1001878 0.3745781 0.8784226 0.8731235 0.8660237 0.2259327 0.5502989 -0.7196171 0.372045 0.8417603
0.2142345 -0.1756539 -0.02437499 -0.02222145 -0.1756539 1 -0.04997061 0.1740916 -0.1388073 -0.02106704 0.1319536 -0.1952536 -0.1952536 -0.1968059 -0.03968595 -0.1352247 0.2335779 -0.0683007 -0.1906713
0.2789419 -0.2376435 -0.03297711 -0.03006358 -0.2376435 -0.04997061 1 0.2937405 -0.1186641 -0.02850177 -0.152494 -0.2533251 -0.2533251 -0.2554235 -0.05369144 -0.1829466 0.3049688 -0.09240455 -0.2471267
0.8637222 -0.7396331 -0.02708323 -0.1023474 -0.7396331 0.1740916 0.2937405 1 -0.3358266 -0.07248954 -0.2145788 -0.6334472 -0.6281302 -0.6352373 -0.1425205 -0.4081847 0.7724148 -0.2808816 -0.6017341
-0.3132429 0.4712631 -0.01452788 -0.06857854 0.4712631 -0.1388073 -0.1186641 -0.3358266 1 -0.08749855 0.4929322 0.5583608 0.5583608 0.5521282 0.1494007 0.3237824 -0.4196273 0.1622411 0.5231459
-0.02482653 -0.1001878 -0.01390278 -0.01267446 -0.1001878 -0.02106704 -0.02850177 -0.07248954 -0.08749855 1 -0.008468866 -0.1113669 -0.1113669 -0.1122523 -0.0226357 -0.07712821 -0.01571988 -0.03895671 -0.1087533
-0.2706887 0.3745781 0.09515338 -0.06781262 0.3745781 0.1319536 -0.152494 -0.2145788 0.4929322 -0.008468866 1 0.4744785 0.4744785 0.4699092 0.1994445 0.236136 -0.3839748 0.1364853 0.4520827
-0.6778114 0.8784226 0.1248376 0.1138081 0.8784226 -0.1952536 -0.2533251 -0.6334472 0.5583608 -0.1113669 0.4744785 1 0.9947216 0.9868334 0.2032533 0.6477019 -0.81979 0.3414419 0.960698
-0.6725025 0.8731235 0.1248376 0.1138081 0.8731235 -0.1952536 -0.2533251 -0.6281302 0.5583608 -0.1113669 0.4744785 0.9947216 1 0.9921126 0.2032533 0.6533091 -0.8251684 0.3414419 0.9659758
-0.6797109 0.8660237 0.1238529 0.1129105 0.8660237 -0.1968059 -0.2554235 -0.6352373 0.5521282 -0.1122523 0.4699092 0.9868334 0.9921126 1 0.2016502 0.6646645 -0.8318125 0.3386815 0.9582718
-0.1852454 0.2259327 0.0271756 -0.02387607 0.2259327 -0.03968595 -0.05369144 -0.1425205 0.1494007 -0.0226357 0.1994445 0.2032533 0.2032533 0.2016502 1 0.2368654 -0.1699046 0.264386 0.208138
-0.4394543 0.5502989 0.1577976 0.1643298 0.5502989 -0.1352247 -0.1829466 -0.4081847 0.3237824 -0.07712821 0.236136 0.6477019 0.6533091 0.6646645 0.2368654 1 -0.5675009 0.4251338 0.6419234
0.830635 -0.7196171 -0.1043549 -0.09513508 -0.7196171 0.2335779 0.3049688 0.7724148 -0.4196273 -0.01571988 -0.3839748 -0.81979 -0.8251684 -0.8318125 -0.1699046 -0.5675009 1 -0.2668459 -0.8163074
-0.3019899 0.372045 0.122406 0.2887035 0.372045 -0.0683007 -0.09240455 -0.2808816 0.1622411 -0.03895671 0.1364853 0.3414419 0.3414419 0.3386815 0.264386 0.4251338 -0.2668459 1 0.3331247
-0.6458275 0.8417603 0.1278377 0.1165432 0.8417603 -0.1906713 -0.2471267 -0.6017341 0.5231459 -0.1087533 0.4520827 0.960698 0.9659758 0.9582718 0.208138 0.6419234 -0.8163074 0.3331247 1
