1 -0.1237586 0.6683485 -0.164107 -0.1573688 -0.1902242 -0.1618772 -0.123663 0.6683485 -0.1728741 -0.1728741 -0.08036738 -0.1728741 0.1665537 -0.1728741 -0.1583365 -0.1596313 -0.1237586 -0.165557 -0.1728741 -0.1856839 -0.05482504 -0.1728741 -0.1728741 -0.1728741 -0.1728741 -0.1728741 -0.1728741 -0.1728741 -0.1771717 -0.1728741 -0.1034326 -0.155667 -0.1750298 -0.123663 -0.1708282 -0.1539239 -0.1728741 -0.1728741 -0.1728741 -0.1253599 -0.1097374 -0.1921356 -0.09236421 -0.1308313 0.03257413
-0.1237586 1 -0.103463 0.4749785 0.4070291 0.5864229 0.4781523 -0.05299145 -0.103463 0.4628006 0.4628006 -0.0185036 0.4628006 -0.02315546 0.4628006 0.448638 0.4813808 1 -0.04340003 0.4628006 0.457002 -0.0185036 0.4628006 0.4628006 0.4628006 0.4628006 0.4628006 0.4628006 0.4628006 0.457002 0.4628006 -0.02778835 0.4232998 0.4598783 -0.05299145 0.4541707 -0.03543909 0.4628006 0.4628006 0.4628006 -0.04993723 0.04096683 0.4598783 -0.02556768 -0.05256229 -0.01743373
0.6683485 -0.103463 1 -0.2178268 -0.213473 -0.1764308 -0.216381 -0.1924152 1 -0.2235586 -0.2235586 -0.06718769 -0.2235586 -0.08407888 -0.2235586 -0.2306159 -0.2149297 -0.103463 -0.1575881 -0.2235586 -0.217285 -0.03985099 -0.2235586 -0.2235586 -0.2235586 -0.2235586 -0.2235586 -0.2235586 -0.2235586 -0.2263952 -0.2235586 -0.1009012 -0.2272082 -0.2249792 -0.1924152 -0.209672 -0.1286815 -0.2235586 -0.2235586 -0.2235586 -0.1813251 -0.1449163 -0.2066717 -0.09283778 -0.1908568 -0.06330292
-0.164107 0.4749785 -0.2178268 1 0.9530909 0.809959 0.9800432 0.8248163 -0.2178268 0.9743612 0.9743612 -0.03895671 0.9743612 -0.04875055 0.9743612 0.9318583 0.9331426 0.4749785 -0.09137262 0.9743612 0.9364255 -0.03895671 0.9743612 0.9743612 0.9743612 0.9743612 0.9743612 0.9743612 0.9743612 0.962153 0.9743612 -0.05850443 0.8911979 0.9682085 0.8101853 0.9561921 0.5283736 0.9743612 0.9743612 0.9743612 0.7555784 0.4273493 0.8518803 -0.05382912 0.7730827 -0.03670424
-0.1573688 0.4070291 -0.213473 0.9530909 1 0.7785438 0.9594995 0.8121772 -0.213473 0.928498 0.928498 -0.03817807 0.928498 -0.04777615 0.928498 0.8870046 0.8844074 0.4070291 -0.08954631 0.928498 0.8906505 -0.03817807 0.928498 0.928498 0.928498 0.928498 0.928498 0.928498 0.928498 0.9167863 0.928498 -0.05733508 0.8486955 0.9225956 0.7973141 0.9110674 0.5394323 0.928498 0.928498 0.928498 0.7401089 0.4219784 0.8044216 -0.05275322 0.7593911 -0.03597062
-0.1902242 0.5864229 -0.1764308 0.809959 0.7785438 1 0.815371 0.5522186 -0.1764308 0.7891927 0.7891927 -0.03155334 0.7891927 -0.03948594 0.7891927 0.7650417 0.7255164 0.5864229 -0.07400807 0.7891927 0.7640351 -0.03155334 0.7891927 0.7891927 0.7891927 0.7891927 0.7891927 0.7891927 0.7891927 0.7793045 0.7891927 -0.04738619 0.7218337 0.7842092 0.5522186 0.7744764 0.5812736 0.7891927 0.7891927 0.7891927 0.5351472 0.2312848 0.7074966 -0.04359938 0.5048088 -0.02972893
-0.1618772 0.4781523 -0.216381 0.9800432 0.9594995 0.815371 1 0.8010012 -0.216381 0.9548385 0.9548385 -0.03869814 0.9548385 -0.04842696 0.9548385 0.9127718 0.91254 0.4781523 -0.09076613 0.9548385 0.9169752 -0.03869814 0.9548385 0.9548385 0.9548385 0.9548385 0.9548385 0.9548385 0.9548385 0.9428362 0.9548385 -0.05811611 0.8730675 0.9487896 0.7862943 0.9369756 0.5319972 0.9548385 0.9548385 0.9548385 0.7298425 0.4151007 0.8318578 -0.05347183 0.7487913 -0.03646062
-0.123663 -0.05299145 -0.1924152 0.8248163 0.8121772 0.5522186 0.8010012 1 -0.1924152 0.8606924 0.8606924 -0.03441203 0.8606924 -0.04306332 0.8606924 0.8203465 0.8065413 -0.05299145 -0.0807131 0.8606924 0.8215007 -0.03441203 0.8606924 0.8606924 0.8606924 0.8606924 0.8606924 0.8606924 0.8606924 0.8499084 0.8606924 -0.05167931 0.7872309 0.8552575 0.9838448 0.8446429 0.66877 0.8606924 0.8606924 0.8606924 0.9253928 0.4602065 0.7268107 -0.04754942 0.9431108 -0.03242233
0.6683485 -0.103463 1 -0.2178268 -0.213473 -0.1764308 -0.216381 -0.1924152 1 -0.2235586 -0.2235586 -0.06718769 -0.2235586 -0.08407888 -0.2235586 -0.2306159 -0.2149297 -0.103463 -0.1575881 -0.2235586 -0.217285 -0.03985099 -0.2235586 -0.2235586 -0.2235586 -0.2235586 -0.2235586 -0.2235586 -0.2235586 -0.2263952 -0.2235586 -0.1009012 -0.2272082 -0.2249792 -0.1924152 -0.209672 -0.1286815 -0.2235586 -0.2235586 -0.2235586 -0.1813251 -0.1449163 -0.2066717 -0.09283778 -0.1908568 -0.06330292
-0.1728741 0.4628006 -0.2235586 0.9743612 0.928498 0.7891927 0.9548385 0.8606924 -0.2235586 1 1 -0.0399818 1 -0.05003334 1 0.9569638 0.9614024 0.4628006 -0.09377694 1 0.9622528 -0.0399818 1 1 1 1 1 1 1 0.9874706 1 -0.06004388 0.9146483 0.9936854 0.8463513 0.9813528 0.5756052 1 1 1 0.79602 0.4294163 0.879662 -0.05524555 0.8104101 -0.03767006
-0.1728741 0.4628006 -0.2235586 0.9743612 0.928498 0.7891927 0.9548385 0.8606924 -0.2235586 1 1 -0.0399818 1 -0.05003334 1 0.9569638 0.9614024 0.4628006 -0.09377694 1 0.9622528 -0.0399818 1 1 1 1 1 1 1 0.9874706 1 -0.06004388 0.9146483 0.9936854 0.8463513 0.9813528 0.5756052 1 1 1 0.79602 0.4294163 0.879662 -0.05524555 0.8104101 -0.03767006
-0.08036738 -0.0185036 -0.06718769 -0.03895671 -0.03817807 -0.03155334 -0.03869814 -0.03441203 -0.06718769 -0.0399818 -0.0399818 1 -0.0399818 -0.01503689 -0.0399818 -0.04124395 -0.0384386 -0.0185036 -0.02818347 -0.0399818 -0.0404891 -0.01201602 -0.0399818 -0.0399818 -0.0399818 -0.0399818 -0.0399818 -0.0399818 -0.0399818 -0.0404891 -0.0399818 -0.01804543 -0.04371275 -0.04023587 -0.03441203 -0.04074151 -0.02301373 -0.0399818 -0.0399818 -0.0399818 -0.03242865 0.01361442 -0.04023587 -0.01660335 -0.03413334 -0.01132126
-0.1728741 0.4628006 -0.2235586 0.9743612 0.928498 0.7891927 0.9548385 0.8606924 -0.2235586 1 1 -0.0399818 1 -0.05003334 1 0.9569638 0.9614024 0.4628006 -0.09377694 1 0.9622528 -0.0399818 1 1 1 1 1 1 1 0.9874706 1 -0.06004388 0.9146483 0.9936854 0.8463513 0.9813528 0.5756052 1 1 1 0.79602 0.4294163 0.879662 -0.05524555 0.8104101 -0.03767006
0.1665537 -0.02315546 -0.08407888 -0.04875055 -0.04777615 -0.03948594 -0.04842696 -0.04306332 -0.08407888 -0.05003334 -0.05003334 -0.01503689 -0.05003334 1 -0.05003334 -0.0516128 -0.04810217 -0.02315546 -0.03526888 -0.05003334 -0.05066818 -0.01503689 -0.05003334 -0.05003334 -0.05003334 -0.05003334 -0.05003334 -0.05003334 -0.05003334 -0.05066818 -0.05003334 -0.0225821 -0.05470227 -0.05035129 -0.04306332 -0.05098405 -0.02879945 -0.05003334 -0.05003334 -0.05003334 -0.04058131 -0.03985336 -0.02006059 -0.02077748 -0.04271456 -0.01416746
-0.1728741 0.4628006 -0.2235586 0.9743612 0.928498 0.7891927 0.9548385 0.8606924 -0.2235586 1 1 -0.0399818 1 -0.05003334 1 0.9569638 0.9614024 0.4628006 -0.09377694 1 0.9622528 -0.0399818 1 1 1 1 1 1 1 0.9874706 1 -0.06004388 0.9146483 0.9936854 0.8463513 0.9813528 0.5756052 1 1 1 0.79602 0.4294163 0.879662 -0.05524555 0.8104101 -0.03767006
-0.1583365 0.448638 -0.2306159 0.9318583 0.8870046 0.7650417 0.9127718 0.8203465 -0.2306159 0.9569638 0.9569638 -0.04124395 0.9569638 -0.0516128 0.9569638 1 0.9191632 0.448638 -0.09673731 0.9569638 0.9201225 -0.04124395 0.9569638 0.9569638 0.9569638 0.9569638 0.9569638 0.9569638 0.9569638 0.9447527 0.9569638 -0.06193936 0.8737203 0.95081 0.8063396 0.9387893 0.5579905 0.9569638 0.9569638 0.9569638 0.7568358 0.3986552 0.8394436 -0.05698955 0.7711929 -0.03885924
-0.1596313 0.4813808 -0.2149297 0.9331426 0.8844074 0.7255164 0.91254 0.8065413 -0.2149297 0.9614024 0.9614024 -0.0384386 0.9614024 -0.04810217 0.9614024 0.9191632 1 0.4813808 -0.09015738 0.9614024 0.9233595 -0.0384386 0.9614024 0.9614024 0.9614024 0.9614024 0.9614024 0.9614024 0.9614024 0.9493566 0.9614024 -0.05772633 0.8793451 0.9553316 0.791757 0.9434749 0.4726516 0.9614024 0.9614024 0.9614024 0.7349318 0.4342811 0.8377847 -0.05311321 0.7540459 -0.03621609
-0.1237586 1 -0.103463 0.4749785 0.4070291 0.5864229 0.4781523 -0.05299145 -0.103463 0.4628006 0.4628006 -0.0185036 0.4628006 -0.02315546 0.4628006 0.448638 0.4813808 1 -0.04340003 0.4628006 0.457002 -0.0185036 0.4628006 0.4628006 0.4628006 0.4628006 0.4628006 0.4628006 0.4628006 0.457002 0.4628006 -0.02778835 0.4232998 0.4598783 -0.05299145 0.4541707 -0.03543909 0.4628006 0.4628006 0.4628006 -0.04993723 0.04096683 0.4598783 -0.02556768 -0.05256229 -0.01743373
-0.165557 -0.04340003 -0.1575881 -0.09137262 -0.08954631 -0.07400807 -0.09076613 -0.0807131 -0.1575881 -0.09377694 -0.09377694 -0.02818347 -0.09377694 -0.03526888 -0.09377694 -0.09673731 -0.09015738 -0.04340003 1 -0.09377694 -0.09496682 -0.02818347 -0.09377694 -0.09377694 -0.09377694 -0.09377694 -0.09377694 -0.09377694 -0.09377694 -0.09496682 -0.09377694 -0.04232539 -0.02303101 -0.09437287 -0.0807131 -0.09555885 -0.0539785 -0.09377694 -0.09377694 -0.09377694 -0.07606111 -0.05427836 -0.09437287 -0.03894301 -0.08005943 -0.02655391
-0.1728741 0.4628006 -0.2235586 0.9743612 0.928498 0.7891927 0.9548385 0.8606924 -0.2235586 1 1 -0.0399818 1 -0.05003334 1 0.9569638 0.9614024 0.4628006 -0.09377694 1 0.9622528 -0.0399818 1 1 1 1 1 1 1 0.9874706 1 -0.06004388 0.9146483 0.9936854 0.8463513 0.9813528 0.5756052 1 1 1 0.79602 0.4294163 0.879662 -0.05524555 0.8104101 -0.03767006
-0.1856839 0.457002 -0.217285 0.9364255 0.8906505 0.7640351 0.9169752 0.8215007 -0.217285 0.9622528 0.9622528 -0.0404891 0.9622528 -0.05066818 0.9622528 0.9201225 0.9233595 0.457002 -0.09496682 0.9622528 1 -0.0404891 0.9622528 0.9622528 0.9622528 0.9622528 0.9622528 0.9622528 0.9622528 0.950047 0.9622528 -0.06080574 0.8790648 0.9561015 0.8072968 0.9440864 0.5482076 0.9622528 0.9622528 0.9622528 0.7561593 0.4077987 0.8431691 -0.05594653 0.7715297 -0.03814803
-0.05482504 -0.0185036 -0.03985099 -0.03895671 -0.03817807 -0.03155334 -0.03869814 -0.03441203 -0.03985099 -0.0399818 -0.0399818 -0.01201602 -0.0399818 -0.01503689 -0.0399818 -0.04124395 -0.0384386 -0.0185036 -0.02818347 -0.0399818 -0.0404891 1 -0.0399818 -0.0399818 -0.0399818 -0.0399818 -0.0399818 -0.0399818 -0.0399818 -0.0404891 -0.0399818 0.3619111 -0.04371275 -0.04023587 -0.03441203 -0.04074151 -0.02301373 -0.0399818 -0.0399818 -0.0399818 -0.03242865 -0.03184694 -0.002583043 0.3946822 0.008773909 -0.01132126
-0.1728741 0.4628006 -0.2235586 0.9743612 0.928498 0.7891927 0.9548385 0.8606924 -0.2235586 1 1 -0.0399818 1 -0.05003334 1 0.9569638 0.9614024 0.4628006 -0.09377694 1 0.9622528 -0.0399818 1 1 1 1 1 1 1 0.9874706 1 -0.06004388 0.9146483 0.9936854 0.8463513 0.9813528 0.5756052 1 1 1 0.79602 0.4294163 0.879662 -0.05524555 0.8104101 -0.03767006
-0.1728741 0.4628006 -0.2235586 0.9743612 0.928498 0.7891927 0.9548385 0.8606924 -0.2235586 1 1 -0.0399818 1 -0.05003334 1 0.9569638 0.9614024 0.4628006 -0.09377694 1 0.9622528 -0.0399818 1 1 1 1 1 1 1 0.9874706 1 -0.06004388 0.9146483 0.9936854 0.8463513 0.9813528 0.5756052 1 1 1 0.79602 0.4294163 0.879662 -0.05524555 0.8104101 -0.03767006
-0.1728741 0.4628006 -0.2235586 0.9743612 0.928498 0.7891927 0.9548385 0.8606924 -0.2235586 1 1 -0.0399818 1 -0.05003334 1 0.9569638 0.9614024 0.4628006 -0.09377694 1 0.9622528 -0.0399818 1 1 1 1 1 1 1 0.9874706 1 -0.06004388 0.9146483 0.9936854 0.8463513 0.9813528 0.5756052 1 1 1 0.79602 0.4294163 0.879662 -0.05524555 0.8104101 -0.03767006
-0.1728741 0.4628006 -0.2235586 0.9743612 0.928498 0.7891927 0.9548385 0.8606924 -0.2235586 1 1 -0.0399818 1 -0.05003334 1 0.9569638 0.9614024 0.4628006 -0.09377694 1 0.9622528 -0.0399818 1 1 1 1 1 1 1 0.9874706 1 -0.06004388 0.9146483 0.9936854 0.8463513 0.9813528 0.5756052 1 1 1 0.79602 0.4294163 0.879662 -0.05524555 0.8104101 -0.03767006
-0.1728741 0.4628006 -0.2235586 0.9743612 0.928498 0.7891927 0.9548385 0.8606924 -0.2235586 1 1 -0.0399818 1 -0.05003334 1 0.9569638 0.9614024 0.4628006 -0.09377694 1 0.9622528 -0.0399818 1 1 1 1 1 1 1 0.9874706 1 -0.06004388 0.9146483 0.9936854 0.8463513 0.9813528 0.5756052 1 1 1 0.79602 0.4294163 0.879662 -0.05524555 0.8104101 -0.03767006
-0.1728741 0.4628006 -0.2235586 0.9743612 0.928498 0.7891927 0.9548385 0.8606924 -0.2235586 1 1 -0.0399818 1 -0.05003334 1 0.9569638 0.9614024 0.4628006 -0.09377694 1 0.9622528 -0.0399818 1 1 1 1 1 1 1 0.9874706 1 -0.06004388 0.9146483 0.9936854 0.8463513 0.9813528 0.5756052 1 1 1 0.79602 0.4294163 0.879662 -0.05524555 0.8104101 -0.03767006
-0.1728741 0.4628006 -0.2235586 0.9743612 0.928498 0.7891927 0.9548385 0.8606924 -0.2235586 1 1 -0.0399818 1 -0.05003334 1 0.9569638 0.9614024 0.4628006 -0.09377694 1 0.9622528 -0.0399818 1 1 1 1 1 1 1 0.9874706 1 -0.06004388 0.9146483 0.9936854 0.8463513 0.9813528 0.5756052 1 1 1 0.79602 0.4294163 0.879662 -0.05524555 0.8104101 -0.03767006
-0.1771717 0.457002 -0.2263952 0.962153 0.9167863 0.7793045 0.9428362 0.8499084 -0.2263952 0.9874706 0.9874706 -0.0404891 0.9874706 -0.05066818 0.9874706 0.9447527 0.9493566 0.457002 -0.09496682 0.9874706 0.950047 -0.0404891 0.9874706 0.9874706 0.9874706 0.9874706 0.9874706 0.9874706 0.9874706 1 0.9874706 -0.06080574 0.9026593 0.9811976 0.8357046 0.9689455 0.5683932 0.9874706 0.9874706 0.9874706 0.7860018 0.422949 0.8933613 -0.05594653 0.8001279 -0.03814803
-0.1728741 0.4628006 -0.2235586 0.9743612 0.928498 0.7891927 0.9548385 0.8606924 -0.2235586 1 1 -0.0399818 1 -0.05003334 1 0.9569638 0.9614024 0.4628006 -0.09377694 1 0.9622528 -0.0399818 1 1 1 1 1 1 1 0.9874706 1 -0.06004388 0.9146483 0.9936854 0.8463513 0.9813528 0.5756052 1 1 1 0.79602 0.4294163 0.879662 -0.05524555 0.8104101 -0.03767006
-0.1034326 -0.02778835 -0.1009012 -0.05850443 -0.05733508 -0.04738619 -0.05811611 -0.05167931 -0.1009012 -0.06004388 -0.06004388 -0.01804543 -0.06004388 -0.0225821 -0.06004388 -0.06193936 -0.05772633 -0.02778835 -0.04232539 -0.06004388 -0.06080574 0.3619111 -0.06004388 -0.06004388 -0.06004388 -0.06004388 -0.06004388 -0.06004388 -0.06004388 -0.06080574 -0.06004388 1 -0.06564696 -0.06042544 -0.05167931 -0.06118481 -0.03456157 -0.06004388 -0.06004388 -0.06004388 -0.0184424 -0.01710428 -0.03497962 0.9200862 -0.02226401 -0.01700205
-0.155667 0.4232998 -0.2272082 0.8911979 0.8486955 0.7218337 0.8730675 0.7872309 -0.2272082 0.9146483 0.9146483 -0.04371275 0.9146483 -0.05470227 0.9146483 0.8737203 0.8793451 0.4232998 -0.02303101 0.9146483 0.8790648 -0.04371275 0.9146483 0.9146483 0.9146483 0.9146483 0.9146483 0.9146483 0.9146483 0.9026593 0.9146483 -0.06564696 1 0.9086069 0.773813 0.8968029 0.5264764 0.9146483 0.9146483 0.9146483 0.7277624 0.3850634 0.8019236 -0.06040086 0.7403317 -0.003663115
-0.1750298 0.4598783 -0.2249792 0.9682085 0.9225956 0.7842092 0.9487896 0.8552575 -0.2249792 0.9936854 0.9936854 -0.04023587 0.9936854 -0.05035129 0.9936854 0.95081 0.9553316 0.4598783 -0.09437287 0.9936854 0.9561015 -0.04023587 0.9936854 0.9936854 0.9936854 0.9936854 0.9936854 0.9936854 0.9936854 0.9811976 0.9936854 -0.06042544 0.9086069 1 0.8552575 0.987589 0.5719705 0.9936854 0.9936854 0.9936854 0.7909711 0.4261586 0.8739188 -0.05559662 0.8052283 -0.03790944
-0.123663 -0.05299145 -0.1924152 0.8101853 0.7973141 0.5522186 0.7862943 0.9838448 -0.1924152 0.8463513 0.8463513 -0.03441203 0.8463513 -0.04306332 0.8463513 0.8063396 0.791757 -0.05299145 -0.0807131 0.8463513 0.8072968 -0.03441203 0.8463513 0.8463513 0.8463513 0.8463513 0.8463513 0.8463513 0.8463513 0.8357046 0.8463513 -0.05167931 0.773813 0.8552575 1 0.8446429 0.66877 0.8463513 0.8463513 0.8463513 0.9253928 0.4429749 0.7125388 -0.04754942 0.9431108 -0.03242233
-0.1708282 0.4541707 -0.209672 0.9561921 0.9110674 0.7744764 0.9369756 0.8446429 -0.209672 0.9813528 0.9813528 -0.04074151 0.9813528 -0.05098405 0.9813528 0.9387893 0.9434749 0.4541707 -0.09555885 0.9813528 0.9440864 -0.04074151 0.9813528 0.9813528 0.9813528 0.9813528 0.9813528 0.9813528 0.9813528 0.9689455 0.9813528 -0.06118481 0.8968029 0.987589 0.8446429 1 0.5648718 0.9813528 0.9813528 0.9813528 0.7811099 0.419786 0.8626987 -0.0562953 0.7951068 -0.03838585
-0.1539239 -0.03543909 -0.1286815 0.5283736 0.5394323 0.5812736 0.5319972 0.66877 -0.1286815 0.5756052 0.5756052 -0.02301373 0.5756052 -0.02879945 0.5756052 0.5579905 0.4726516 -0.03543909 -0.0539785 0.5756052 0.5482076 -0.02301373 0.5756052 0.5756052 0.5756052 0.5756052 0.5756052 0.5756052 0.5756052 0.5683932 0.5756052 -0.03456157 0.5264764 0.5719705 0.66877 0.5648718 1 0.5756052 0.5756052 0.5756052 0.6855546 0.1838895 0.4908415 -0.03179963 0.6280051 -0.02168308
-0.1728741 0.4628006 -0.2235586 0.9743612 0.928498 0.7891927 0.9548385 0.8606924 -0.2235586 1 1 -0.0399818 1 -0.05003334 1 0.9569638 0.9614024 0.4628006 -0.09377694 1 0.9622528 -0.0399818 1 1 1 1 1 1 1 0.9874706 1 -0.06004388 0.9146483 0.9936854 0.8463513 0.9813528 0.5756052 1 1 1 0.79602 0.4294163 0.879662 -0.05524555 0.8104101 -0.03767006
-0.1728741 0.4628006 -0.2235586 0.9743612 0.928498 0.7891927 0.9548385 0.8606924 -0.2235586 1 1 -0.0399818 1 -0.05003334 1 0.9569638 0.9614024 0.4628006 -0.09377694 1 0.9622528 -0.0399818 1 1 1 1 1 1 1 0.9874706 1 -0.06004388 0.9146483 0.9936854 0.8463513 0.9813528 0.5756052 1 1 1 0.79602 0.4294163 0.879662 -0.05524555 0.8104101 -0.03767006
-0.1728741 0.4628006 -0.2235586 0.9743612 0.928498 0.7891927 0.9548385 0.8606924 -0.2235586 1 1 -0.0399818 1 -0.05003334 1 0.9569638 0.9614024 0.4628006 -0.09377694 1 0.9622528 -0.0399818 1 1 1 1 1 1 1 0.9874706 1 -0.06004388 0.9146483 0.9936854 0.8463513 0.9813528 0.5756052 1 1 1 0.79602 0.4294163 0.879662 -0.05524555 0.8104101 -0.03767006
-0.1253599 -0.04993723 -0.1813251 0.7555784 0.7401089 0.5351472 0.7298425 0.9253928 -0.1813251 0.79602 0.79602 -0.03242865 0.79602 -0.04058131 0.79602 0.7568358 0.7349318 -0.04993723 -0.07606111 0.79602 0.7561593 -0.03242865 0.79602 0.79602 0.79602 0.79602 0.79602 0.79602 0.79602 0.7860018 0.79602 -0.0184424 0.7277624 0.7909711 0.9253928 0.7811099 0.6855546 0.79602 0.79602 0.79602 1 0.4209042 0.6560372 -0.01205561 0.8817186 -0.03055364
-0.1097374 0.04096683 -0.1449163 0.4273493 0.4219784 0.2312848 0.4151007 0.4602065 -0.1449163 0.4294163 0.4294163 0.01361442 0.4294163 -0.03985336 0.4294163 0.3986552 0.4342811 0.04096683 -0.05427836 0.4294163 0.4077987 -0.03184694 0.4294163 0.4294163 0.4294163 0.4294163 0.4294163 0.4294163 0.4294163 0.422949 0.4294163 -0.01710428 0.3850634 0.4261586 0.4429749 0.419786 0.1838895 0.4294163 0.4294163 0.4294163 0.4209042 1 0.4109358 -0.010749 0.4299485 -0.03000556
-0.1921356 0.4598783 -0.2066717 0.8518803 0.8044216 0.7074966 0.8318578 0.7268107 -0.2066717 0.879662 0.879662 -0.04023587 0.879662 -0.02006059 0.879662 0.8394436 0.8377847 0.4598783 -0.09437287 0.879662 0.8431691 -0.002583043 0.879662 0.879662 0.879662 0.879662 0.879662 0.879662 0.879662 0.8933613 0.879662 -0.03497962 0.8019236 0.8739188 0.7125388 0.8626987 0.4908415 0.879662 0.879662 0.879662 0.6560372 0.4109358 1 -0.05559662 0.7621256 0.002000776
-0.09236421 -0.02556768 -0.09283778 -0.05382912 -0.05275322 -0.04359938 -0.05347183 -0.04754942 -0.09283778 -0.05524555 -0.05524555 -0.01660335 -0.05524555 -0.02077748 -0.05524555 -0.05698955 -0.05311321 -0.02556768 -0.03894301 -0.05524555 -0.05594653 0.3946822 -0.05524555 -0.05524555 -0.05524555 -0.05524555 -0.05524555 -0.05524555 -0.05524555 -0.05594653 -0.05524555 0.9200862 -0.06040086 -0.05559662 -0.04754942 -0.0562953 -0.03179963 -0.05524555 -0.05524555 -0.05524555 -0.01205561 -0.010749 -0.05559662 1 -0.04716434 -0.01564335
-0.1308313 -0.05256229 -0.1908568 0.7730827 0.7593911 0.5048088 0.7487913 0.9431108 -0.1908568 0.8104101 0.8104101 -0.03413334 0.8104101 -0.04271456 0.8104101 0.7711929 0.7540459 -0.05256229 -0.08005943 0.8104101 0.7715297 0.008773909 0.8104101 0.8104101 0.8104101 0.8104101 0.8104101 0.8104101 0.8104101 0.8001279 0.8104101 -0.02226401 0.7403317 0.8052283 0.9431108 0.7951068 0.6280051 0.8104101 0.8104101 0.8104101 0.8817186 0.4299485 0.7621256 -0.04716434 1 -0.03215976
0.03257413 -0.01743373 -0.06330292 -0.03670424 -0.03597062 -0.02972893 -0.03646062 -0.03242233 -0.06330292 -0.03767006 -0.03767006 -0.01132126 -0.03767006 -0.01416746 -0.03767006 -0.03885924 -0.03621609 -0.01743373 -0.02655391 -0.03767006 -0.03814803 -0.01132126 -0.03767006 -0.03767006 -0.03767006 -0.03767006 -0.03767006 -0.03767006 -0.03767006 -0.03814803 -0.03767006 -0.01700205 -0.003663115 -0.03790944 -0.03242233 -0.03838585 -0.02168308 -0.03767006 -0.03767006 -0.03767006 -0.03055364 -0.03000556 0.002000776 -0.01564335 -0.03215976 1
