1 1 1 -0.6025157 1 1 -0.1777391 0.9261982 0.2037321 0.5717277 0.4648251 -0.1828665 0.4992668 0.5717277 0.5717277 0.1847307 0.9152209 0.9152209 0.9074749 0.9127675 0.893871 0.888577 0.9152209 0.148511 0.9127675 -0.1183522 0.5717277 0.5678508 0.2359404 0.8768456 0.9152209 0.9152209 0.002495554 0.007140379 0.04843533 0.8895676 0.2065051 0.899343 -0.2838383 0.8598417 -0.5678508 -0.432052 -0.2771251 -0.3082257 0.7162752 0.7162752 0.1949384 -0.476172 -0.4406899 0.1763989 0.1677961 0.1677961 0.1677961 0.1664867 -0.1535886 0.1763989 0.4685298 0.1763989 0.7263868 0.1763989 -0.4905602 0.4685298 0.4685298 -0.4905602 0.1763989
1 1 1 -0.6025157 1 1 -0.1777391 0.9261982 0.2037321 0.5717277 0.4648251 -0.1828665 0.4992668 0.5717277 0.5717277 0.1847307 0.9152209 0.9152209 0.9074749 0.9127675 0.893871 0.888577 0.9152209 0.148511 0.9127675 -0.1183522 0.5717277 0.5678508 0.2359404 0.8768456 0.9152209 0.9152209 0.002495554 0.007140379 0.04843533 0.8895676 0.2065051 0.899343 -0.2838383 0.8598417 -0.5678508 -0.432052 -0.2771251 -0.3082257 0.7162752 0.7162752 0.1949384 -0.476172 -0.4406899 0.1763989 0.1677961 0.1677961 0.1677961 0.1664867 -0.1535886 0.1763989 0.4685298 0.1763989 0.7263868 0.1763989 -0.4905602 0.4685298 0.4685298 -0.4905602 0.1763989
1 1 1 -0.6025157 1 1 -0.1777391 0.9261982 0.2037321 0.5717277 0.4648251 -0.1828665 0.4992668 0.5717277 0.5717277 0.1847307 0.9152209 0.9152209 0.9074749 0.9127675 0.893871 0.888577 0.9152209 0.148511 0.9127675 -0.1183522 0.5717277 0.5678508 0.2359404 0.8768456 0.9152209 0.9152209 0.002495554 0.007140379 0.04843533 0.8895676 0.2065051 0.899343 -0.2838383 0.8598417 -0.5678508 -0.432052 -0.2771251 -0.3082257 0.7162752 0.7162752 0.1949384 -0.476172 -0.4406899 0.1763989 0.1677961 0.1677961 0.1677961 0.1664867 -0.1535886 0.1763989 0.4685298 0.1763989 0.7263868 0.1763989 -0.4905602 0.4685298 0.4685298 -0.4905602 0.1763989
-0.6025157 -0.6025157 -0.6025157 1 -0.6025157 -0.6025157 0.2563087 -0.558049 -0.1299691 0.2955055 0.3306922 0.3230722 -0.2972354 0.2955055 0.2955055 -0.1113032 -0.5423998 -0.5423998 -0.5347211 -0.5409217 -0.5325463 -0.5325463 -0.5423998 -0.08948019 -0.5409217 -0.061172 0.2955055 0.2851943 -0.1425022 -0.5419592 -0.5423998 -0.5423998 -0.004141889 0.02589282 -0.007472819 -0.5179081 -0.1127539 -0.5237979 0.4710886 -0.4851166 0.9412275 0.6758829 0.4440979 -0.1688472 -0.4471605 -0.4471605 -0.1178497 0.7378787 0.6943045 -0.1139956 -0.1159354 -0.1159354 -0.1159354 -0.1216061 0.4844674 -0.1139956 0.2030322 -0.1139956 -0.4562635 -0.1139956 0.7490438 0.2030322 0.2030322 0.7490438 -0.1139956
1 1 1 -0.6025157 1 1 -0.1777391 0.9261982 0.2037321 0.5717277 0.4648251 -0.1828665 0.4992668 0.5717277 0.5717277 0.1847307 0.9152209 0.9152209 0.9074749 0.9127675 0.893871 0.888577 0.9152209 0.148511 0.9127675 -0.1183522 0.5717277 0.5678508 0.2359404 0.8768456 0.9152209 0.9152209 0.002495554 0.007140379 0.04843533 0.8895676 0.2065051 0.899343 -0.2838383 0.8598417 -0.5678508 -0.432052 -0.2771251 -0.3082257 0.7162752 0.7162752 0.1949384 -0.476172 -0.4406899 0.1763989 0.1677961 0.1677961 0.1677961 0.1664867 -0.1535886 0.1763989 0.4685298 0.1763989 0.7263868 0.1763989 -0.4905602 0.4685298 0.4685298 -0.4905602 0.1763989
1 1 1 -0.6025157 1 1 -0.1777391 0.9261982 0.2037321 0.5717277 0.4648251 -0.1828665 0.4992668 0.5717277 0.5717277 0.1847307 0.9152209 0.9152209 0.9074749 0.9127675 0.893871 0.888577 0.9152209 0.148511 0.9127675 -0.1183522 0.5717277 0.5678508 0.2359404 0.8768456 0.9152209 0.9152209 0.002495554 0.007140379 0.04843533 0.8895676 0.2065051 0.899343 -0.2838383 0.8598417 -0.5678508 -0.432052 -0.2771251 -0.3082257 0.7162752 0.7162752 0.1949384 -0.476172 -0.4406899 0.1763989 0.1677961 0.1677961 0.1677961 0.1664867 -0.1535886 0.1763989 0.4685298 0.1763989 0.7263868 0.1763989 -0.4905602 0.4685298 0.4685298 -0.4905602 0.1763989
-0.1777391 -0.1777391 -0.1777391 0.2563087 -0.1777391 -0.1777391 1 -0.1646216 -0.03834023 0.04736728 0.06001708 -0.03399386 -0.08985764 0.04736728 0.04736728 -0.03283387 -0.1654926 -0.1654926 -0.1650565 -0.1650565 -0.1607577 -0.1607577 -0.1654926 -0.0263962 -0.1650565 -0.01804543 0.04736728 0.04904837 -0.04559292 -0.1360882 -0.1654926 -0.1654926 -0.0284616 -0.0241738 -0.0225821 -0.1637552 -0.04421424 -0.1654926 0.5592507 -0.1485943 0.2469601 0.2531108 -0.03730358 -0.05850443 -0.1611826 -0.1611826 -0.03885569 0.2156083 0.2402664 -0.0378192 -0.03834023 -0.03834023 -0.03834023 -0.0398708 0.1374248 -0.0378192 0.03639002 -0.0378192 -0.1620358 -0.0378192 0.2333177 0.03639002 0.03639002 0.2333177 -0.0378192
0.9261982 0.9261982 0.9261982 -0.558049 0.9261982 0.9261982 -0.1646216 1 0.2209556 0.5295332 0.5925864 -0.1665298 0.5395695 0.5295332 0.5295332 -0.1994505 0.9894597 0.9894597 0.9815338 0.9868108 0.9659716 0.9606931 0.9894597 0.1603447 0.9868108 -0.1096176 0.5295332 0.5313689 0.2564406 0.9528383 0.9894597 0.9894597 -0.01571737 0.01835558 0.03919309 0.9630741 0.2264507 0.9736283 -0.2628905 0.9234861 -0.5250431 -0.3985918 -0.3068568 -0.3303012 0.7627029 0.7627029 0.1652212 -0.4342931 -0.4121032 -0.06045635 -0.0656895 -0.0656895 -0.0656895 -0.05766587 -0.08976258 -0.06045635 0.4373585 -0.06045635 0.7679063 -0.06045635 -0.4484742 0.4373585 0.4373585 -0.4484742 -0.06045635
0.2037321 0.2037321 0.2037321 -0.1299691 0.2037321 0.2037321 -0.03834023 0.2209556 1 0.1233278 0.1243966 -0.04809296 -0.1271265 0.1233278 0.1233278 -0.04645186 0.2197296 0.2197296 0.2203418 0.2203418 0.2146031 0.2265501 0.2197296 0.6120709 0.2203418 -0.02552985 0.1233278 0.1252286 -0.06450278 0.2148853 0.2197296 0.2197296 -0.004693026 -0.03419998 0.01240477 0.210244 -0.06255229 0.2077859 -0.06122697 0.2203418 -0.1252286 -0.09798901 -0.0817769 -0.0827694 0.2020296 0.2020296 0.02515992 -0.1009333 -0.09716407 -0.05350488 -0.054242 -0.054242 -0.054242 -0.03030434 -0.06968542 -0.05350488 0.1113358 -0.05350488 0.2007807 -0.05350488 -0.1014695 0.1113358 0.1113358 -0.1014695 -0.05350488
0.5717277 0.5717277 0.5717277 0.2955055 0.5717277 0.5717277 0.04736728 0.5295332 0.1233278 1 0.8790497 0.109347 0.2890423 1 1 0.1056157 0.532335 0.532335 0.5309322 0.5309322 0.5171043 0.5171043 0.532335 0.08490784 0.5309322 -0.207008 1 0.9848212 0.1342559 0.4862551 0.532335 0.532335 -0.003459505 0.03337552 0.04894703 0.5267462 0.1294887 0.532335 0.1392093 0.5245523 0.2847272 0.1692497 0.133039 -0.5498171 0.3972258 0.3972258 0.1107179 0.1774801 0.1755988 0.1216519 0.1233278 0.1233278 0.1233278 0.1003641 0.3073933 0.1216519 0.7797947 0.1216519 0.3999818 0.1216519 0.1715979 0.7797947 0.7797947 0.1715979 0.1216519
0.4648251 0.4648251 0.4648251 0.3306922 0.4648251 0.4648251 0.06001708 0.5925864 0.1243966 0.8790497 1 0.1223673 0.3234595 0.8790497 0.8790497 -0.3365763 0.5957218 0.5957218 0.594152 0.594152 0.5786776 0.5726598 0.5957218 0.09501808 0.594152 -0.1294395 0.8790497 0.8713105 0.152426 0.5542699 0.5957218 0.5957218 -0.02297743 0.0451655 0.03660636 0.5894675 0.1471498 0.5957218 0.1557853 0.5761036 0.3114188 0.1988317 0.0935315 -0.5425233 0.441806 0.441806 0.07259664 0.2307276 0.2139852 -0.1809103 -0.1887774 -0.1887774 -0.1887774 -0.185188 0.3739488 -0.1809103 0.6984803 -0.1809103 0.4268398 -0.1809103 0.2253602 0.6984803 0.6984803 0.2253602 -0.1809103
-0.1828665 -0.1828665 -0.1828665 0.3230722 -0.1828665 -0.1828665 -0.03399386 -0.1665298 -0.04809296 0.109347 0.1223673 1 -0.04935723 0.109347 0.109347 -0.04118593 -0.1542993 -0.1542993 -0.1537528 -0.1537528 -0.2016502 -0.2016502 -0.1542993 -0.03311069 -0.1537528 -0.0226357 0.109347 0.09506221 -0.05719054 -0.1587111 -0.1542993 -0.1542993 0.08333832 0.01601737 0.07062016 -0.1254747 -0.05546117 -0.1276541 -0.05428609 -0.1004631 0.2243401 0.1181026 0.138792 -0.0733864 -0.1089058 -0.1089058 -0.01894553 0.2051192 0.1662087 -0.0474394 -0.04809296 -0.04809296 -0.04809296 -0.05001287 0.1870453 -0.0474394 0.08159579 -0.0474394 -0.09666091 -0.0474394 0.2041899 0.08159579 0.08159579 0.2041899 -0.0474394
0.4992668 0.4992668 0.4992668 -0.2972354 0.4992668 0.4992668 -0.08985764 0.5395695 -0.1271265 0.2890423 0.3234595 -0.04935723 1 0.2890423 0.2890423 -0.1088688 0.5429707 0.5429707 0.5381312 0.5444052 0.5213082 0.5213082 0.5429707 -0.08752312 0.5381312 -0.05983407 0.2890423 0.2934972 0.178108 0.5127977 0.5429707 0.5429707 -0.07568452 -0.03650701 0.06491759 0.5299092 0.4169123 0.5366965 -0.1434971 0.5067607 -0.2859762 -0.2033282 -0.1589698 -0.174102 0.4570822 0.4570822 0.09566415 -0.2322037 -0.2233208 -0.1110232 -0.1129264 -0.1129264 -0.1129264 -0.1184893 -0.01893266 -0.1110232 0.2367511 -0.1110232 0.4541568 -0.1110232 -0.2475919 0.2367511 0.2367511 -0.2475919 -0.1110232
0.5717277 0.5717277 0.5717277 0.2955055 0.5717277 0.5717277 0.04736728 0.5295332 0.1233278 1 0.8790497 0.109347 0.2890423 1 1 0.1056157 0.532335 0.532335 0.5309322 0.5309322 0.5171043 0.5171043 0.532335 0.08490784 0.5309322 -0.207008 1 0.9848212 0.1342559 0.4862551 0.532335 0.532335 -0.003459505 0.03337552 0.04894703 0.5267462 0.1294887 0.532335 0.1392093 0.5245523 0.2847272 0.1692497 0.133039 -0.5498171 0.3972258 0.3972258 0.1107179 0.1774801 0.1755988 0.1216519 0.1233278 0.1233278 0.1233278 0.1003641 0.3073933 0.1216519 0.7797947 0.1216519 0.3999818 0.1216519 0.1715979 0.7797947 0.7797947 0.1715979 0.1216519
0.5717277 0.5717277 0.5717277 0.2955055 0.5717277 0.5717277 0.04736728 0.5295332 0.1233278 1 0.8790497 0.109347 0.2890423 1 1 0.1056157 0.532335 0.532335 0.5309322 0.5309322 0.5171043 0.5171043 0.532335 0.08490784 0.5309322 -0.207008 1 0.9848212 0.1342559 0.4862551 0.532335 0.532335 -0.003459505 0.03337552 0.04894703 0.5267462 0.1294887 0.532335 0.1392093 0.5245523 0.2847272 0.1692497 0.133039 -0.5498171 0.3972258 0.3972258 0.1107179 0.1774801 0.1755988 0.1216519 0.1233278 0.1233278 0.1233278 0.1003641 0.3073933 0.1216519 0.7797947 0.1216519 0.3999818 0.1216519 0.1715979 0.7797947 0.7797947 0.1715979 0.1216519
0.1847307 0.1847307 0.1847307 -0.1113032 0.1847307 0.1847307 -0.03283387 -0.1994505 -0.04645186 0.1056157 -0.3365763 -0.04118593 -0.1088688 0.1056157 0.1056157 1 -0.2005058 -0.2005058 -0.1999775 -0.1999775 -0.1947692 -0.1947692 -0.2005058 -0.03198084 -0.1999775 -0.02186329 0.1056157 0.09075455 -0.055239 -0.2047844 -0.2005058 -0.2005058 0.04745495 -0.02928824 0.0237208 -0.1984008 -0.05356864 -0.2005058 -0.05243366 -0.172467 -0.1072435 -0.08391599 0.07961694 0.05989761 -0.1264926 -0.1264926 0.07597153 -0.1055234 -0.07114672 0.6160418 0.6073242 0.6073242 0.6073242 0.5830065 -0.165196 0.6160418 0.07767115 0.6160418 -0.113776 0.6160418 -0.1059532 0.07767115 0.07767115 -0.1059532 0.6160418
0.9152209 0.9152209 0.9152209 -0.5423998 0.9152209 0.9152209 -0.1654926 0.9894597 0.2197296 0.532335 0.5957218 -0.1542993 0.5429707 0.532335 0.532335 -0.2005058 1 1 0.9920878 0.9973649 0.971389 0.9661104 1 0.1595008 0.9973649 -0.1101976 0.532335 0.5342138 0.2652404 0.9632702 1 1 -0.01662995 0.01758092 0.03846974 0.9736697 0.2250365 0.9841684 -0.2642815 0.9340393 -0.5342138 -0.4008177 -0.31615 -0.3321812 0.7733815 0.7733815 0.163978 -0.4434507 -0.4212523 -0.06166953 -0.06691945 -0.06691945 -0.06691945 -0.05894477 -0.09486294 -0.06166953 0.4398873 -0.06166953 0.7785561 -0.06166953 -0.4576336 0.4398873 0.4398873 -0.4576336 -0.06166953
0.9152209 0.9152209 0.9152209 -0.5423998 0.9152209 0.9152209 -0.1654926 0.9894597 0.2197296 0.532335 0.5957218 -0.1542993 0.5429707 0.532335 0.532335 -0.2005058 1 1 0.9920878 0.9973649 0.971389 0.9661104 1 0.1595008 0.9973649 -0.1101976 0.532335 0.5342138 0.2652404 0.9632702 1 1 -0.01662995 0.01758092 0.03846974 0.9736697 0.2250365 0.9841684 -0.2642815 0.9340393 -0.5342138 -0.4008177 -0.31615 -0.3321812 0.7733815 0.7733815 0.163978 -0.4434507 -0.4212523 -0.06166953 -0.06691945 -0.06691945 -0.06691945 -0.05894477 -0.09486294 -0.06166953 0.4398873 -0.06166953 0.7785561 -0.06166953 -0.4576336 0.4398873 0.4398873 -0.4576336 -0.06166953
0.9074749 0.9074749 0.9074749 -0.5347211 0.9074749 0.9074749 -0.1650565 0.9815338 0.2203418 0.5309322 0.594152 -0.1537528 0.5381312 0.5309322 0.5309322 -0.1999775 0.9920878 0.9920878 1 0.9894458 0.9633984 0.9581198 0.9920878 0.1599222 0.9894458 -0.1099072 0.5309322 0.5327895 0.2557107 0.9554115 0.9920878 0.9920878 -0.0161736 0.01796819 0.03883128 0.9657299 0.2257428 0.9762564 -0.2635851 0.9261209 -0.5264637 -0.392322 -0.3081302 -0.33124 0.7654004 0.7654004 0.164599 -0.4358957 -0.4136682 -0.06106273 -0.06630424 -0.06630424 -0.06630424 -0.05830511 -0.09231242 -0.06106273 0.4386214 -0.06106273 0.7705896 -0.06106273 -0.4500822 0.4386214 0.4386214 -0.4500822 -0.06106273
0.9127675 0.9127675 0.9127675 -0.5409217 0.9127675 0.9127675 -0.1650565 0.9868108 0.2203418 0.5309322 0.594152 -0.1537528 0.5444052 0.5309322 0.5309322 -0.1999775 0.9973649 0.9973649 0.9894458 1 0.9686769 0.9633984 0.9973649 0.1599222 0.9947229 -0.1099072 0.5309322 0.5327895 0.2659684 0.9606904 0.9973649 0.9973649 -0.0161736 0.01796819 0.03883128 0.9710071 0.2257428 0.9815335 -0.2635851 0.9313979 -0.5327895 -0.3997033 -0.3148744 -0.3396021 0.7759569 0.7759569 0.164599 -0.4418449 -0.4196844 -0.06106273 -0.06630424 -0.06630424 -0.06630424 -0.05830511 -0.09231242 -0.06106273 0.4454021 -0.06106273 0.781145 -0.06106273 -0.4560223 0.4454021 0.4454021 -0.4560223 -0.06106273
0.893871 0.893871 0.893871 -0.5325463 0.893871 0.893871 -0.1607577 0.9659716 0.2146031 0.5171043 0.5786776 -0.2016502 0.5213082 0.5171043 0.5171043 -0.1947692 0.971389 0.971389 0.9633984 0.9686769 1 0.99472 0.971389 0.1641986 0.9686769 -0.1070447 0.5171043 0.5187467 0.2630916 0.9352528 0.971389 0.971389 -0.05878045 0.003488059 0.04246254 0.9553025 0.2328943 0.9661104 -0.2567201 0.9158914 -0.5187467 -0.3887104 -0.3089814 -0.3219527 0.7650564 0.7650564 0.1708743 -0.4438051 -0.4222147 -0.05501644 -0.06017588 -0.06017588 -0.06017588 -0.06346557 -0.1143705 -0.05501644 0.4261267 -0.05501644 0.7651072 -0.05501644 -0.4579052 0.4261267 0.4261267 -0.4579052 -0.05501644
0.888577 0.888577 0.888577 -0.5325463 0.888577 0.888577 -0.1607577 0.9606931 0.2265501 0.5171043 0.5726598 -0.2016502 0.5213082 0.5171043 0.5171043 -0.1947692 0.9661104 0.9661104 0.9581198 0.9633984 0.99472 1 0.9661104 0.1641986 0.9633984 -0.1070447 0.5171043 0.5187467 0.2630916 0.9299724 0.9661104 0.9661104 -0.05878045 0.003488059 0.04246254 0.9500239 0.2328943 0.9608318 -0.2567201 0.9106128 -0.5187467 -0.3887104 -0.3089814 -0.3219527 0.7650564 0.7650564 0.1708743 -0.4438051 -0.4222147 -0.05501644 -0.06017588 -0.06017588 -0.06017588 -0.06346557 -0.1143705 -0.05501644 0.4261267 -0.05501644 0.7651072 -0.05501644 -0.4579052 0.4261267 0.4261267 -0.4579052 -0.05501644
0.9152209 0.9152209 0.9152209 -0.5423998 0.9152209 0.9152209 -0.1654926 0.9894597 0.2197296 0.532335 0.5957218 -0.1542993 0.5429707 0.532335 0.532335 -0.2005058 1 1 0.9920878 0.9973649 0.971389 0.9661104 1 0.1595008 0.9973649 -0.1101976 0.532335 0.5342138 0.2652404 0.9632702 1 1 -0.01662995 0.01758092 0.03846974 0.9736697 0.2250365 0.9841684 -0.2642815 0.9340393 -0.5342138 -0.4008177 -0.31615 -0.3321812 0.7733815 0.7733815 0.163978 -0.4434507 -0.4212523 -0.06166953 -0.06691945 -0.06691945 -0.06691945 -0.05894477 -0.09486294 -0.06166953 0.4398873 -0.06166953 0.7785561 -0.06166953 -0.4576336 0.4398873 0.4398873 -0.4576336 -0.06166953
0.148511 0.148511 0.148511 -0.08948019 0.148511 0.148511 -0.0263962 0.1603447 0.6120709 0.08490784 0.09501808 -0.03311069 -0.08752312 0.08490784 0.08490784 -0.03198084 0.1595008 0.1595008 0.1599222 0.1599222 0.1641986 0.1641986 0.1595008 1 0.1599222 -0.0175766 0.08490784 0.0862165 -0.0444084 0.1561683 0.1595008 0.1595008 -0.02772216 -0.02354575 0.04068325 0.1611931 -0.04306555 0.1595008 -0.0421531 0.1599222 -0.0862165 -0.06746276 -0.05574807 -0.05698447 0.1637658 0.1637658 0.07539363 -0.09730044 -0.09501808 -0.03683665 -0.03734414 -0.03734414 -0.03734414 -0.03883495 -0.05360595 -0.03683665 0.07665166 -0.03683665 0.1629035 -0.03683665 -0.09762678 0.07665166 0.07665166 -0.09762678 -0.03683665
0.9127675 0.9127675 0.9127675 -0.5409217 0.9127675 0.9127675 -0.1650565 0.9868108 0.2203418 0.5309322 0.594152 -0.1537528 0.5381312 0.5309322 0.5309322 -0.1999775 0.9973649 0.9973649 0.9894458 0.9947229 0.9686769 0.9633984 0.9973649 0.1599222 1 -0.1099072 0.5309322 0.5327895 0.2659684 0.9606904 0.9973649 0.9973649 -0.0161736 0.01796819 0.03883128 0.9710071 0.2257428 0.9815335 -0.2635851 0.9313979 -0.5327895 -0.3997033 -0.3148744 -0.33124 0.7706786 0.7706786 0.164599 -0.4418449 -0.4196844 -0.06106273 -0.06630424 -0.06630424 -0.06630424 -0.05830511 -0.09231242 -0.06106273 0.4386214 -0.06106273 0.7758673 -0.06106273 -0.4560223 0.4386214 0.4386214 -0.4560223 -0.06106273
-0.1183522 -0.1183522 -0.1183522 -0.061172 -0.1183522 -0.1183522 -0.01804543 -0.1096176 -0.02552985 -0.207008 -0.1294395 -0.0226357 -0.05983407 -0.207008 -0.207008 -0.02186329 -0.1101976 -0.1101976 -0.1099072 -0.1099072 -0.1070447 -0.1070447 -0.1101976 -0.0175766 -0.1099072 1 -0.207008 -0.2038659 -0.03035924 -0.1125491 -0.1101976 -0.1101976 -0.0189519 -0.01609676 -0.01503689 -0.1090407 0.01917848 -0.1101976 -0.02881743 -0.1099072 -0.05894082 -0.01204695 0.0405368 -0.03895671 0.06322659 0.06322659 0.02860413 -0.01159359 -0.009415782 -0.02518291 -0.02552985 -0.02552985 -0.02552985 -0.02654902 0.06469672 -0.02518291 0.05240193 -0.02518291 0.0626419 -0.02518291 -0.0119013 0.05240193 0.05240193 -0.0119013 -0.02518291
0.5717277 0.5717277 0.5717277 0.2955055 0.5717277 0.5717277 0.04736728 0.5295332 0.1233278 1 0.8790497 0.109347 0.2890423 1 1 0.1056157 0.532335 0.532335 0.5309322 0.5309322 0.5171043 0.5171043 0.532335 0.08490784 0.5309322 -0.207008 1 0.9848212 0.1342559 0.4862551 0.532335 0.532335 -0.003459505 0.03337552 0.04894703 0.5267462 0.1294887 0.532335 0.1392093 0.5245523 0.2847272 0.1692497 0.133039 -0.5498171 0.3972258 0.3972258 0.1107179 0.1774801 0.1755988 0.1216519 0.1233278 0.1233278 0.1233278 0.1003641 0.3073933 0.1216519 0.7797947 0.1216519 0.3999818 0.1216519 0.1715979 0.7797947 0.7797947 0.1715979 0.1216519
0.5678508 0.5678508 0.5678508 0.2851943 0.5678508 0.5678508 0.04904837 0.5313689 0.1252286 0.9848212 0.8713105 0.09506221 0.2934972 0.9848212 0.9848212 0.09075455 0.5342138 0.5342138 0.5327895 0.5327895 0.5187467 0.5187467 0.5342138 0.0862165 0.5327895 -0.2038659 0.9848212 1 0.1366215 0.4887939 0.5342138 0.5342138 -0.001242815 0.03495034 0.05026749 0.5222129 0.1191629 0.5278879 0.1413549 0.5201378 0.2815326 0.1731375 0.1380116 -0.5406588 0.3935905 0.3935905 0.1127653 0.1765209 0.1743953 0.1090325 0.1109114 0.1109114 0.1109114 0.08875193 0.3043526 0.1090325 0.7671345 0.1090325 0.3963899 0.1090325 0.1707253 0.7671345 0.7671345 0.1707253 0.1090325
0.2359404 0.2359404 0.2359404 -0.1425022 0.2359404 0.2359404 -0.04559292 0.2564406 -0.06450278 0.1342559 0.152426 -0.05719054 0.178108 0.1342559 0.1342559 -0.055239 0.2652404 0.2652404 0.2557107 0.2659684 0.2630916 0.2630916 0.2652404 -0.0444084 0.2659684 -0.03035924 0.1342559 0.1366215 1 0.2697422 0.2652404 0.2652404 -0.04788318 -0.004989542 0.03819266 0.2476479 0.109876 0.2652404 -0.07280907 0.2557107 -0.1489177 -0.1165252 -0.0811118 -0.08217227 0.2110455 0.2110455 0.1410902 -0.1102414 -0.1173434 -0.06362622 -0.06450278 -0.06450278 -0.06450278 -0.06707778 -0.03154926 -0.06362622 0.1060357 -0.06362622 0.2198222 -0.06362622 -0.1224406 0.1060357 0.1060357 -0.1224406 -0.06362622
0.8768456 0.8768456 0.8768456 -0.5419592 0.8768456 0.8768456 -0.1360882 0.9528383 0.2148853 0.4862551 0.5542699 -0.1587111 0.5127977 0.4862551 0.4862551 -0.2047844 0.9632702 0.9632702 0.9554115 0.9606904 0.9352528 0.9299724 0.9632702 0.1561683 0.9606904 -0.1125491 0.4862551 0.4887939 0.2697422 1 0.9632702 0.9632702 -0.0202862 -0.003875878 0.03558606 0.937154 0.2089043 0.9474334 -0.2699209 0.8973435 -0.5330901 -0.4024518 -0.3196912 -0.2812417 0.7371255 0.7371255 0.1590489 -0.450461 -0.4339059 -0.06654111 -0.07185961 -0.07185961 -0.07185961 -0.06407859 -0.1152979 -0.06654111 0.3890805 -0.06654111 0.7474734 -0.06654111 -0.4647008 0.3890805 0.3890805 -0.4647008 -0.06654111
0.9152209 0.9152209 0.9152209 -0.5423998 0.9152209 0.9152209 -0.1654926 0.9894597 0.2197296 0.532335 0.5957218 -0.1542993 0.5429707 0.532335 0.532335 -0.2005058 1 1 0.9920878 0.9973649 0.971389 0.9661104 1 0.1595008 0.9973649 -0.1101976 0.532335 0.5342138 0.2652404 0.9632702 1 1 -0.01662995 0.01758092 0.03846974 0.9736697 0.2250365 0.9841684 -0.2642815 0.9340393 -0.5342138 -0.4008177 -0.31615 -0.3321812 0.7733815 0.7733815 0.163978 -0.4434507 -0.4212523 -0.06166953 -0.06691945 -0.06691945 -0.06691945 -0.05894477 -0.09486294 -0.06166953 0.4398873 -0.06166953 0.7785561 -0.06166953 -0.4576336 0.4398873 0.4398873 -0.4576336 -0.06166953
0.9152209 0.9152209 0.9152209 -0.5423998 0.9152209 0.9152209 -0.1654926 0.9894597 0.2197296 0.532335 0.5957218 -0.1542993 0.5429707 0.532335 0.532335 -0.2005058 1 1 0.9920878 0.9973649 0.971389 0.9661104 1 0.1595008 0.9973649 -0.1101976 0.532335 0.5342138 0.2652404 0.9632702 1 1 -0.01662995 0.01758092 0.03846974 0.9736697 0.2250365 0.9841684 -0.2642815 0.9340393 -0.5342138 -0.4008177 -0.31615 -0.3321812 0.7733815 0.7733815 0.163978 -0.4434507 -0.4212523 -0.06166953 -0.06691945 -0.06691945 -0.06691945 -0.05894477 -0.09486294 -0.06166953 0.4398873 -0.06166953 0.7785561 -0.06166953 -0.4576336 0.4398873 0.4398873 -0.4576336 -0.06166953
0.002495554 0.002495554 0.002495554 -0.004141889 0.002495554 0.002495554 -0.0284616 -0.01571737 -0.004693026 -0.003459505 -0.02297743 0.08333832 -0.07568452 -0.003459505 -0.003459505 0.04745495 -0.01662995 -0.01662995 -0.0161736 -0.0161736 -0.05878045 -0.05878045 -0.01662995 -0.02772216 -0.0161736 -0.0189519 -0.003459505 -0.001242815 -0.04788318 -0.0202862 -0.01662995 -0.01662995 1 0.1932959 0.2681193 -0.0305228 -0.01506456 -0.03234753 -0.01349207 -0.0004561784 -0.01759827 -0.02877174 -0.02310791 -0.03653739 -0.02779151 -0.02779151 -0.04080752 0.01912199 0.02297743 0.06832043 0.06645325 0.06645325 0.06645325 0.1298807 0.05311365 0.06832043 0.001865072 0.06832043 -0.0444206 0.06832043 0.01857904 0.001865072 0.001865072 0.01857904 0.06832043
0.007140379 0.007140379 0.007140379 0.02589282 0.007140379 0.007140379 -0.0241738 0.01835558 -0.03419998 0.03337552 0.0451655 0.01601737 -0.03650701 0.03337552 0.03337552 -0.02928824 0.01758092 0.01758092 0.01796819 0.01796819 0.003488059 0.003488059 0.01758092 -0.02354575 0.01796819 -0.01609676 0.03337552 0.03495034 -0.004989542 -0.003875878 0.01758092 0.01758092 0.1932959 1 0.1843493 0.03748658 -0.03943968 0.03593675 -0.001280237 0.03632383 0.009056899 -0.06178279 -0.0004332719 -0.05218672 0.03981965 0.03981965 -0.03465978 -0.006333679 -0.0451655 -0.03373522 -0.03419998 -0.03419998 -0.03419998 0.04466829 0.005039852 -0.03373522 0.046612 -0.03373522 0.05739864 -0.03373522 -0.006760055 0.046612 0.046612 -0.006760055 -0.03373522
0.04843533 0.04843533 0.04843533 -0.007472819 0.04843533 0.04843533 -0.0225821 0.03919309 0.01240477 0.04894703 0.03660636 0.07062016 0.06491759 0.04894703 0.04894703 0.0237208 0.03846974 0.03846974 0.03883128 0.03883128 0.04246254 0.04246254 0.03846974 0.04068325 0.03883128 -0.01503689 0.04894703 0.05026749 0.03819266 0.03558606 0.03846974 0.03846974 0.2681193 0.1843493 1 0.02032071 0.1196102 0.05806656 -0.03606222 0.03883128 -0.02677627 -0.05771478 0.008986961 -0.04875055 0.02249709 0.02249709 -0.03237765 -0.03905569 -0.03660636 0.05828899 0.05675766 0.05675766 0.05675766 0.0524344 -0.01490007 0.05828899 0.01521468 0.05828899 0.02177092 0.05828899 -0.03940295 0.01521468 0.01521468 -0.03940295 0.05828899
0.8895676 0.8895676 0.8895676 -0.5179081 0.8895676 0.8895676 -0.1637552 0.9630741 0.210244 0.5267462 0.5894675 -0.1254747 0.5299092 0.5267462 0.5267462 -0.1984008 0.9736697 0.9736697 0.9657299 0.9710071 0.9553025 0.9500239 0.9736697 0.1611931 0.9710071 -0.1090407 0.5267462 0.5222129 0.2476479 0.937154 0.9736697 0.9736697 -0.0305228 0.03748658 0.02032071 1 0.2173384 0.9895013 -0.2615069 0.92879 -0.5348648 -0.3963771 -0.3178049 -0.3284303 0.778437 0.778437 0.1546674 -0.4548941 -0.4330466 -0.05924486 -0.06446138 -0.06446138 -0.06446138 -0.05638857 -0.08994495 -0.05924486 0.4348419 -0.05924486 0.7836667 -0.05924486 -0.469028 0.4348419 0.4348419 -0.469028 -0.05924486
0.2065051 0.2065051 0.2065051 -0.1127539 0.2065051 0.2065051 -0.04421424 0.2264507 -0.06255229 0.1294887 0.1471498 -0.05546117 0.4169123 0.1294887 0.1294887 -0.05356864 0.2250365 0.2250365 0.2257428 0.2257428 0.2328943 0.2328943 0.2250365 -0.04306555 0.2257428 0.01917848 0.1294887 0.1191629 0.109876 0.2089043 0.2250365 0.2250365 -0.01506456 -0.03943968 0.1196102 0.2173384 1 0.2355693 -0.07060741 0.2152102 -0.1191629 -0.06880391 -0.07566781 -0.07876026 0.2005669 0.2005669 0.05438148 -0.09173526 -0.1111267 -0.01343568 -0.01487543 -0.01487543 -0.01487543 -0.01901071 -0.006590221 -0.01343568 0.1013255 -0.01343568 0.1885959 -0.01343568 -0.1161035 0.1013255 0.1013255 -0.1161035 -0.01343568
0.899343 0.899343 0.899343 -0.5237979 0.899343 0.899343 -0.1654926 0.9736283 0.2077859 0.532335 0.5957218 -0.1276541 0.5366965 0.532335 0.532335 -0.2005058 0.9841684 0.9841684 0.9762564 0.9815335 0.9661104 0.9608318 0.9841684 0.1595008 0.9815335 -0.1101976 0.532335 0.5278879 0.2652404 0.9474334 0.9841684 0.9841684 -0.03234753 0.03593675 0.05806656 0.9895013 0.2355693 1 -0.2642815 0.9393164 -0.5405397 -0.4008177 -0.3228942 -0.3321812 0.7892164 0.7892164 0.163978 -0.4612986 -0.4393009 -0.06166953 -0.06691945 -0.06691945 -0.06691945 -0.05894477 -0.09486294 -0.06166953 0.4398873 -0.06166953 0.7943894 -0.06166953 -0.475454 0.4398873 0.4398873 -0.475454 -0.06166953
-0.2838383 -0.2838383 -0.2838383 0.4710886 -0.2838383 -0.2838383 0.5592507 -0.2628905 -0.06122697 0.1392093 0.1557853 -0.05428609 -0.1434971 0.1392093 0.1392093 -0.05243366 -0.2642815 -0.2642815 -0.2635851 -0.2635851 -0.2567201 -0.2567201 -0.2642815 -0.0421531 -0.2635851 -0.02881743 0.1392093 0.1413549 -0.07280907 -0.2699209 -0.2642815 -0.2642815 -0.01349207 -0.001280237 -0.03606222 -0.2615069 -0.07060741 -0.2642815 1 -0.2528548 0.4760587 0.4897538 -0.09934013 -0.09342796 -0.2037356 -0.2037356 -0.06205013 0.3364501 0.3580013 -0.03580881 -0.03694123 -0.03694123 -0.03694123 -0.0402199 0.2183853 -0.03580881 0.09809732 -0.03580881 -0.2265664 -0.03580881 0.3593078 0.09809732 0.09809732 0.3593078 -0.03580881
0.8598417 0.8598417 0.8598417 -0.4851166 0.8598417 0.8598417 -0.1485943 0.9234861 0.2203418 0.5245523 0.5761036 -0.1004631 0.5067607 0.5245523 0.5245523 -0.172467 0.9340393 0.9340393 0.9261209 0.9313979 0.9158914 0.9106128 0.9340393 0.1599222 0.9313979 -0.1099072 0.5245523 0.5201378 0.2557107 0.8973435 0.9340393 0.9340393 -0.0004561784 0.03632383 0.03883128 0.92879 0.2152102 0.9393164 -0.2528548 1 -0.5391153 -0.392322 -0.3283626 -0.33124 0.7917916 0.7917916 0.1764006 -0.4358957 -0.4136682 -0.109428 -0.1140786 -0.1140786 -0.1140786 -0.104438 -0.08175208 -0.109428 0.4386214 -0.109428 0.7917005 -0.109428 -0.4500822 0.4386214 0.4386214 -0.4500822 -0.109428
-0.5678508 -0.5678508 -0.5678508 0.9412275 -0.5678508 -0.5678508 0.2469601 -0.5250431 -0.1252286 0.2847272 0.3114188 0.2243401 -0.2859762 0.2847272 0.2847272 -0.1072435 -0.5342138 -0.5342138 -0.5264637 -0.5327895 -0.5187467 -0.5187467 -0.5342138 -0.0862165 -0.5327895 -0.05894082 0.2847272 0.2815326 -0.1489177 -0.5330901 -0.5342138 -0.5342138 -0.01759827 0.009056899 -0.02677627 -0.5348648 -0.1191629 -0.5405397 0.4760587 -0.5391153 1 0.6939976 0.4764066 -0.171042 -0.4758444 -0.4758444 -0.1269123 0.7577169 0.7126517 -0.09453819 -0.09659416 -0.09659416 -0.09659416 -0.1025772 0.480511 -0.09453819 0.2001426 -0.09453819 -0.4849625 -0.09453819 0.7691939 0.2001426 0.2001426 0.7691939 -0.09453819
-0.432052 -0.432052 -0.432052 0.6758829 -0.432052 -0.432052 0.2531108 -0.3985918 -0.09798901 0.1692497 0.1988317 0.1181026 -0.2033282 0.1692497 0.1692497 -0.08391599 -0.4008177 -0.4008177 -0.392322 -0.3997033 -0.3887104 -0.3887104 -0.4008177 -0.06746276 -0.3997033 -0.01204695 0.1692497 0.1731375 -0.1165252 -0.4024518 -0.4008177 -0.4008177 -0.02877174 -0.06178279 -0.05771478 -0.3963771 -0.06880391 -0.4008177 0.4897538 -0.392322 0.6939976 1 0.3348235 -0.1495242 -0.3824147 -0.3824147 -0.08279889 0.6018079 0.5837726 -0.09665739 -0.09798901 -0.09798901 -0.09798901 -0.1019008 0.3984952 -0.09665739 0.1726758 -0.09665739 -0.3772157 -0.09665739 0.6245574 0.1726758 0.1726758 0.6245574 -0.09665739
-0.2771251 -0.2771251 -0.2771251 0.4440979 -0.2771251 -0.2771251 -0.03730358 -0.3068568 -0.0817769 0.133039 0.0935315 0.138792 -0.1589698 0.133039 0.133039 0.07961694 -0.31615 -0.31615 -0.3081302 -0.3148744 -0.3089814 -0.3089814 -0.31615 -0.05574807 -0.3148744 0.0405368 0.133039 0.1380116 -0.0811118 -0.3196912 -0.31615 -0.31615 -0.02310791 -0.0004332719 0.008986961 -0.3178049 -0.07566781 -0.3228942 -0.09934013 -0.3283626 0.4764066 0.3348235 1 -0.1499955 -0.4046743 -0.4046743 -0.0836498 0.5817515 0.5523136 0.07465428 0.08612653 0.08612653 0.08612653 0.06008579 0.3505795 0.07465428 0.2218482 0.07465428 -0.3869449 0.07465428 0.5870146 0.2218482 0.2218482 0.5870146 0.07465428
-0.3082257 -0.3082257 -0.3082257 -0.1688472 -0.3082257 -0.3082257 -0.05850443 -0.3303012 -0.0827694 -0.5498171 -0.5425233 -0.0733864 -0.174102 -0.5498171 -0.5498171 0.05989761 -0.3321812 -0.3321812 -0.33124 -0.3396021 -0.3219527 -0.3219527 -0.3321812 -0.05698447 -0.33124 -0.03895671 -0.5498171 -0.5406588 -0.08217227 -0.2812417 -0.3321812 -0.3321812 -0.03653739 -0.05218672 -0.04875055 -0.3284303 -0.07876026 -0.3321812 -0.09342796 -0.33124 -0.171042 -0.1495242 -0.1499955 1 -0.3228715 -0.3228715 -0.06518139 -0.1968019 -0.172465 -0.02416478 -0.02599184 -0.02599184 -0.02599184 -0.01297132 -0.3182984 -0.02416478 -0.6574625 -0.02416478 -0.3247157 -0.02416478 -0.1975543 -0.6574625 -0.6574625 -0.1975543 -0.02416478
0.7162752 0.7162752 0.7162752 -0.4471605 0.7162752 0.7162752 -0.1611826 0.7627029 0.2020296 0.3972258 0.441806 -0.1089058 0.4570822 0.3972258 0.3972258 -0.1264926 0.7733815 0.7733815 0.7654004 0.7759569 0.7650564 0.7650564 0.7733815 0.1637658 0.7706786 0.06322659 0.3972258 0.3935905 0.2110455 0.7371255 0.7733815 0.7733815 -0.02779151 0.03981965 0.02249709 0.778437 0.2005669 0.7892164 -0.2037356 0.7917916 -0.4758444 -0.3824147 -0.4046743 -0.3228715 1 1 0.1820455 -0.5227374 -0.5260502 -0.2007471 -0.2041414 -0.2041414 -0.2041414 -0.1909942 -0.08522587 -0.2007471 0.4612744 -0.2007471 0.9261096 -0.2007471 -0.5367229 0.4612744 0.4612744 -0.5367229 -0.2007471
0.7162752 0.7162752 0.7162752 -0.4471605 0.7162752 0.7162752 -0.1611826 0.7627029 0.2020296 0.3972258 0.441806 -0.1089058 0.4570822 0.3972258 0.3972258 -0.1264926 0.7733815 0.7733815 0.7654004 0.7759569 0.7650564 0.7650564 0.7733815 0.1637658 0.7706786 0.06322659 0.3972258 0.3935905 0.2110455 0.7371255 0.7733815 0.7733815 -0.02779151 0.03981965 0.02249709 0.778437 0.2005669 0.7892164 -0.2037356 0.7917916 -0.4758444 -0.3824147 -0.4046743 -0.3228715 1 1 0.1820455 -0.5227374 -0.5260502 -0.2007471 -0.2041414 -0.2041414 -0.2041414 -0.1909942 -0.08522587 -0.2007471 0.4612744 -0.2007471 0.9261096 -0.2007471 -0.5367229 0.4612744 0.4612744 -0.5367229 -0.2007471
0.1949384 0.1949384 0.1949384 -0.1178497 0.1949384 0.1949384 -0.03885569 0.1652212 0.02515992 0.1107179 0.07259664 -0.01894553 0.09566415 0.1107179 0.1107179 0.07597153 0.163978 0.163978 0.164599 0.164599 0.1708743 0.1708743 0.163978 0.07539363 0.164599 0.02860413 0.1107179 0.1127653 0.1410902 0.1590489 0.163978 0.163978 -0.04080752 -0.03465978 -0.03237765 0.1546674 0.05438148 0.163978 -0.06205013 0.1764006 -0.1269123 -0.08279889 -0.0836498 -0.06518139 0.1820455 0.1820455 1 -0.1299233 -0.1129597 0.02689807 0.02515992 0.02515992 0.02515992 0.02021218 0.06714311 0.02689807 0.1128326 0.02689807 0.204388 0.02689807 -0.1437084 0.1128326 0.1128326 -0.1437084 0.02689807
-0.476172 -0.476172 -0.476172 0.7378787 -0.476172 -0.476172 0.2156083 -0.4342931 -0.1009333 0.1774801 0.2307276 0.2051192 -0.2322037 0.1774801 0.1774801 -0.1055234 -0.4434507 -0.4434507 -0.4358957 -0.4418449 -0.4438051 -0.4438051 -0.4434507 -0.09730044 -0.4418449 -0.01159359 0.1774801 0.1765209 -0.1102414 -0.450461 -0.4434507 -0.4434507 0.01912199 -0.006333679 -0.03905569 -0.4548941 -0.09173526 -0.4612986 0.3364501 -0.4358957 0.7577169 0.6018079 0.5817515 -0.1968019 -0.5227374 -0.5227374 -0.1299233 1 0.9290663 -0.1394074 -0.141328 -0.141328 -0.141328 -0.1339676 0.6220517 -0.1394074 0.2900863 -0.1394074 -0.5853887 -0.1394074 0.9832639 0.2900863 0.2900863 0.9832639 -0.1394074
-0.4406899 -0.4406899 -0.4406899 0.6943045 -0.4406899 -0.4406899 0.2402664 -0.4121032 -0.09716407 0.1755988 0.2139852 0.1662087 -0.2233208 0.1755988 0.1755988 -0.07114672 -0.4212523 -0.4212523 -0.4136682 -0.4196844 -0.4222147 -0.4222147 -0.4212523 -0.09501808 -0.4196844 -0.009415782 0.1755988 0.1743953 -0.1173434 -0.4339059 -0.4212523 -0.4212523 0.02297743 -0.0451655 -0.03660636 -0.4330466 -0.1111267 -0.4393009 0.3580013 -0.4136682 0.7126517 0.5837726 0.5523136 -0.172465 -0.5260502 -0.5260502 -0.1129597 0.9290663 1 -0.108568 -0.1107803 -0.1107803 -0.1107803 -0.1040772 0.5952145 -0.108568 0.2755514 -0.108568 -0.5712445 -0.108568 0.9394191 0.2755514 0.2755514 0.9394191 -0.108568
0.1763989 0.1763989 0.1763989 -0.1139956 0.1763989 0.1763989 -0.0378192 -0.06045635 -0.05350488 0.1216519 -0.1809103 -0.0474394 -0.1110232 0.1216519 0.1216519 0.6160418 -0.06166953 -0.06166953 -0.06106273 -0.06106273 -0.05501644 -0.05501644 -0.06166953 -0.03683665 -0.06106273 -0.02518291 0.1216519 0.1090325 -0.06362622 -0.06654111 -0.06166953 -0.06166953 0.06832043 -0.03373522 0.05828899 -0.05924486 -0.01343568 -0.06166953 -0.03580881 -0.109428 -0.09453819 -0.09665739 0.07465428 -0.02416478 -0.2007471 -0.2007471 0.02689807 -0.1394074 -0.108568 1 0.9864105 0.9864105 0.9864105 0.9485439 -0.2219847 1 0.1098228 1 -0.2261255 1 -0.1398749 0.1098228 0.1098228 -0.1398749 1
0.1677961 0.1677961 0.1677961 -0.1159354 0.1677961 0.1677961 -0.03834023 -0.0656895 -0.054242 0.1233278 -0.1887774 -0.04809296 -0.1129264 0.1233278 0.1233278 0.6073242 -0.06691945 -0.06691945 -0.06630424 -0.06630424 -0.06017588 -0.06017588 -0.06691945 -0.03734414 -0.06630424 -0.02552985 0.1233278 0.1109114 -0.06450278 -0.07185961 -0.06691945 -0.06691945 0.06645325 -0.03419998 0.05675766 -0.06446138 -0.01487543 -0.06691945 -0.03694123 -0.1140786 -0.09659416 -0.09798901 0.08612653 -0.02599184 -0.2041414 -0.2041414 0.02515992 -0.141328 -0.1107803 0.9864105 1 1 1 0.9355086 -0.2250429 0.9864105 0.1113358 0.9864105 -0.2292408 0.9864105 -0.141802 0.1113358 0.1113358 -0.141802 0.9864105
0.1677961 0.1677961 0.1677961 -0.1159354 0.1677961 0.1677961 -0.03834023 -0.0656895 -0.054242 0.1233278 -0.1887774 -0.04809296 -0.1129264 0.1233278 0.1233278 0.6073242 -0.06691945 -0.06691945 -0.06630424 -0.06630424 -0.06017588 -0.06017588 -0.06691945 -0.03734414 -0.06630424 -0.02552985 0.1233278 0.1109114 -0.06450278 -0.07185961 -0.06691945 -0.06691945 0.06645325 -0.03419998 0.05675766 -0.06446138 -0.01487543 -0.06691945 -0.03694123 -0.1140786 -0.09659416 -0.09798901 0.08612653 -0.02599184 -0.2041414 -0.2041414 0.02515992 -0.141328 -0.1107803 0.9864105 1 1 1 0.9355086 -0.2250429 0.9864105 0.1113358 0.9864105 -0.2292408 0.9864105 -0.141802 0.1113358 0.1113358 -0.141802 0.9864105
0.1677961 0.1677961 0.1677961 -0.1159354 0.1677961 0.1677961 -0.03834023 -0.0656895 -0.054242 0.1233278 -0.1887774 -0.04809296 -0.1129264 0.1233278 0.1233278 0.6073242 -0.06691945 -0.06691945 -0.06630424 -0.06630424 -0.06017588 -0.06017588 -0.06691945 -0.03734414 -0.06630424 -0.02552985 0.1233278 0.1109114 -0.06450278 -0.07185961 -0.06691945 -0.06691945 0.06645325 -0.03419998 0.05675766 -0.06446138 -0.01487543 -0.06691945 -0.03694123 -0.1140786 -0.09659416 -0.09798901 0.08612653 -0.02599184 -0.2041414 -0.2041414 0.02515992 -0.141328 -0.1107803 0.9864105 1 1 1 0.9355086 -0.2250429 0.9864105 0.1113358 0.9864105 -0.2292408 0.9864105 -0.141802 0.1113358 0.1113358 -0.141802 0.9864105
0.1664867 0.1664867 0.1664867 -0.1216061 0.1664867 0.1664867 -0.0398708 -0.05766587 -0.03030434 0.1003641 -0.185188 -0.05001287 -0.1184893 0.1003641 0.1003641 0.5830065 -0.05894477 -0.05894477 -0.05830511 -0.05830511 -0.06346557 -0.06346557 -0.05894477 -0.03883495 -0.05830511 -0.02654902 0.1003641 0.08875193 -0.06707778 -0.06407859 -0.05894477 -0.05894477 0.1298807 0.04466829 0.0524344 -0.05638857 -0.01901071 -0.05894477 -0.0402199 -0.104438 -0.1025772 -0.1019008 0.06008579 -0.01297132 -0.1909942 -0.1909942 0.02021218 -0.1339676 -0.1040772 0.9485439 0.9355086 0.9355086 0.9355086 1 -0.2109469 0.9485439 0.1009608 0.9485439 -0.215323 0.9485439 -0.1344806 0.1009608 0.1009608 -0.1344806 0.9485439
-0.1535886 -0.1535886 -0.1535886 0.4844674 -0.1535886 -0.1535886 0.1374248 -0.08976258 -0.06968542 0.3073933 0.3739488 0.1870453 -0.01893266 0.3073933 0.3073933 -0.165196 -0.09486294 -0.09486294 -0.09231242 -0.09231242 -0.1143705 -0.1143705 -0.09486294 -0.05360595 -0.09231242 0.06469672 0.3073933 0.3043526 -0.03154926 -0.1152979 -0.09486294 -0.09486294 0.05311365 0.005039852 -0.01490007 -0.08994495 -0.006590221 -0.09486294 0.2183853 -0.08175208 0.480511 0.3984952 0.3505795 -0.3182984 -0.08522587 -0.08522587 0.06714311 0.6220517 0.5952145 -0.2219847 -0.2250429 -0.2250429 -0.2250429 -0.2109469 1 -0.2219847 0.4619176 -0.2219847 -0.1008789 -0.2219847 0.6301107 0.4619176 0.4619176 0.6301107 -0.2219847
0.1763989 0.1763989 0.1763989 -0.1139956 0.1763989 0.1763989 -0.0378192 -0.06045635 -0.05350488 0.1216519 -0.1809103 -0.0474394 -0.1110232 0.1216519 0.1216519 0.6160418 -0.06166953 -0.06166953 -0.06106273 -0.06106273 -0.05501644 -0.05501644 -0.06166953 -0.03683665 -0.06106273 -0.02518291 0.1216519 0.1090325 -0.06362622 -0.06654111 -0.06166953 -0.06166953 0.06832043 -0.03373522 0.05828899 -0.05924486 -0.01343568 -0.06166953 -0.03580881 -0.109428 -0.09453819 -0.09665739 0.07465428 -0.02416478 -0.2007471 -0.2007471 0.02689807 -0.1394074 -0.108568 1 0.9864105 0.9864105 0.9864105 0.9485439 -0.2219847 1 0.1098228 1 -0.2261255 1 -0.1398749 0.1098228 0.1098228 -0.1398749 1
0.4685298 0.4685298 0.4685298 0.2030322 0.4685298 0.4685298 0.03639002 0.4373585 0.1113358 0.7797947 0.6984803 0.08159579 0.2367511 0.7797947 0.7797947 0.07767115 0.4398873 0.4398873 0.4386214 0.4454021 0.4261267 0.4261267 0.4398873 0.07665166 0.4386214 0.05240193 0.7797947 0.7671345 0.1060357 0.3890805 0.4398873 0.4398873 0.001865072 0.046612 0.01521468 0.4348419 0.1013255 0.4398873 0.09809732 0.4386214 0.2001426 0.1726758 0.2218482 -0.6574625 0.4612744 0.4612744 0.1128326 0.2900863 0.2755514 0.1098228 0.1113358 0.1113358 0.1113358 0.1009608 0.4619176 0.1098228 1 0.1098228 0.470534 0.1098228 0.2910592 1 1 0.2910592 0.1098228
0.1763989 0.1763989 0.1763989 -0.1139956 0.1763989 0.1763989 -0.0378192 -0.06045635 -0.05350488 0.1216519 -0.1809103 -0.0474394 -0.1110232 0.1216519 0.1216519 0.6160418 -0.06166953 -0.06166953 -0.06106273 -0.06106273 -0.05501644 -0.05501644 -0.06166953 -0.03683665 -0.06106273 -0.02518291 0.1216519 0.1090325 -0.06362622 -0.06654111 -0.06166953 -0.06166953 0.06832043 -0.03373522 0.05828899 -0.05924486 -0.01343568 -0.06166953 -0.03580881 -0.109428 -0.09453819 -0.09665739 0.07465428 -0.02416478 -0.2007471 -0.2007471 0.02689807 -0.1394074 -0.108568 1 0.9864105 0.9864105 0.9864105 0.9485439 -0.2219847 1 0.1098228 1 -0.2261255 1 -0.1398749 0.1098228 0.1098228 -0.1398749 1
0.7263868 0.7263868 0.7263868 -0.4562635 0.7263868 0.7263868 -0.1620358 0.7679063 0.2007807 0.3999818 0.4268398 -0.09666091 0.4541568 0.3999818 0.3999818 -0.113776 0.7785561 0.7785561 0.7705896 0.781145 0.7651072 0.7651072 0.7785561 0.1629035 0.7758673 0.0626419 0.3999818 0.3963899 0.2198222 0.7474734 0.7785561 0.7785561 -0.0444206 0.05739864 0.02177092 0.7836667 0.1885959 0.7943894 -0.2265664 0.7917005 -0.4849625 -0.3772157 -0.3869449 -0.3247157 0.9261096 0.9261096 0.204388 -0.5853887 -0.5712445 -0.2261255 -0.2292408 -0.2292408 -0.2292408 -0.215323 -0.1008789 -0.2261255 0.470534 -0.2261255 1 -0.2261255 -0.5992919 0.470534 0.470534 -0.5992919 -0.2261255
