1 0.9856478 0.9928393 -0.03915994 0.9928393 0.9928393 0.8578169 0.9928393 0.9929198 -0.04406865 0.9928393 -0.03915994 0.9928393 0.9857089 0.02299462 -0.04295503 -0.04812204 0.4734365 1 0.01864762 -0.03675847 -0.02508908 0.00259381 0.06160696 -0.004561195 -0.07225715 -0.03712558 0.3236589 -0.1088789 0.9857089 -0.09000388 0.833574 0.1123427 0.9857089 0.9857089 -0.04295503 0.8684925 0.1854072 0.9092753 -0.04295503 -0.04295503 -0.03497899 0.7498839 0.5564656 -0.04812204 -0.04295503 0.433576 0.8763219
0.9856478 1 0.9927566 -0.03859791 0.9927566 0.9927566 0.8539129 0.9927566 0.9786693 -0.04245158 0.9927566 -0.03859791 0.9927566 0.9856478 0.02501316 -0.04233853 -0.04743139 0.4803303 0.9856478 0.007064174 -0.03322462 -0.04245158 0.005556413 0.06413477 -0.00178993 -0.0712201 -0.03659274 0.3283717 -0.1073162 0.9711911 -0.08871212 0.8457604 0.09014766 0.9711911 0.9711911 -0.04233853 0.8686138 0.1905306 0.895877 -0.04233853 -0.04233853 -0.03447696 0.7428209 0.5645683 -0.04743139 -0.04233853 0.4398893 0.8634061
0.9928393 0.9927566 1 -0.03887953 1 1 0.8640037 1 0.9858098 -0.04326364 1 -0.03887953 0.9855446 0.9928393 0.02399745 -0.04264744 -0.04777746 0.4768511 0.9928393 0.02020165 -0.03500081 -0.02417526 0.004066474 0.06286194 -0.00318346 -0.07173974 -0.03685973 0.3259932 -0.1080992 0.9784663 -0.08935939 0.8396102 0.08883645 0.9784663 0.9784663 -0.04264744 0.8751249 0.1879493 0.9025911 -0.04264744 -0.04264744 -0.03472851 0.7553186 0.560479 -0.04777746 -0.04264744 0.4367031 0.8698785
-0.03915994 -0.03859791 -0.03887953 1 -0.03887953 -0.03887953 -0.03359206 -0.03887953 -0.03943918 -0.02800382 -0.03887953 0.7973262 -0.03887953 -0.03915994 0.09749378 -0.01466461 -0.0164286 -0.01853975 -0.03915994 -0.03831506 -0.05211754 0.2752376 0.03839476 0.09288561 -0.03717064 -0.02466818 -0.01267446 -0.01267446 -0.03717064 -0.03915994 -0.03072682 -0.03328236 -0.02090773 -0.03915994 -0.03915994 -0.01466461 -0.04376775 -0.03915994 -0.04244067 -0.01466461 -0.01466461 -0.01194163 -0.03006358 -0.02179116 -0.0164286 -0.01466461 -0.01697881 -0.04403072
0.9928393 0.9927566 1 -0.03887953 1 1 0.8640037 1 0.9858098 -0.04326364 1 -0.03887953 0.9855446 0.9928393 0.02399745 -0.04264744 -0.04777746 0.4768511 0.9928393 0.02020165 -0.03500081 -0.02417526 0.004066474 0.06286194 -0.00318346 -0.07173974 -0.03685973 0.3259932 -0.1080992 0.9784663 -0.08935939 0.8396102 0.08883645 0.9784663 0.9784663 -0.04264744 0.8751249 0.1879493 0.9025911 -0.04264744 -0.04264744 -0.03472851 0.7553186 0.560479 -0.04777746 -0.04264744 0.4367031 0.8698785
0.9928393 0.9927566 1 -0.03887953 1 1 0.8640037 1 0.9858098 -0.04326364 1 -0.03887953 0.9855446 0.9928393 0.02399745 -0.04264744 -0.04777746 0.4768511 0.9928393 0.02020165 -0.03500081 -0.02417526 0.004066474 0.06286194 -0.00318346 -0.07173974 -0.03685973 0.3259932 -0.1080992 0.9784663 -0.08935939 0.8396102 0.08883645 0.9784663 0.9784663 -0.04264744 0.8751249 0.1879493 0.9025911 -0.04264744 -0.04264744 -0.03472851 0.7553186 0.560479 -0.04777746 -0.04264744 0.4367031 0.8698785
0.8578169 0.8539129 0.8640037 -0.03359206 0.8640037 0.8640037 1 0.8640037 0.8517434 -0.04884079 0.8640037 -0.03359206 0.8477038 0.8578169 0.04473789 -0.03684755 -0.0412799 0.5519086 0.8578169 0.05215098 0.0004855324 -0.005792745 0.03417382 0.08918597 0.02490468 -0.0619834 -0.03184694 0.3773053 -0.09339814 0.8416098 -0.07720684 0.9722565 0.003710067 0.8416098 0.8416098 -0.03684755 0.7526345 -0.0173616 0.7762835 -0.03684755 -0.03684755 -0.03000556 0.8545233 0.6216438 -0.0412799 -0.03684755 0.5054412 0.7481171
0.9928393 0.9927566 1 -0.03887953 1 1 0.8640037 1 0.9858098 -0.04326364 1 -0.03887953 0.9855446 0.9928393 0.02399745 -0.04264744 -0.04777746 0.4768511 0.9928393 0.02020165 -0.03500081 -0.02417526 0.004066474 0.06286194 -0.00318346 -0.07173974 -0.03685973 0.3259932 -0.1080992 0.9784663 -0.08935939 0.8396102 0.08883645 0.9784663 0.9784663 -0.04264744 0.8751249 0.1879493 0.9025911 -0.04264744 -0.04264744 -0.03472851 0.7553186 0.560479 -0.04777746 -0.04264744 0.4367031 0.8698785
0.9929198 0.9786693 0.9858098 -0.03943918 0.9858098 0.9858098 0.8517434 0.9858098 1 -0.04486681 0.9858098 -0.03943918 0.9858098 0.978709 0.02200427 -0.04326133 -0.04846519 0.4700845 0.9929198 0.01711209 -0.03849816 -0.02599387 0.01551336 0.06036927 -0.005923613 -0.07277239 -0.0373903 0.3213673 -0.1096553 0.978709 -0.09064566 0.8276482 0.1109308 0.978709 0.978709 -0.04326133 0.8619791 0.1829033 0.9025823 -0.04326133 -0.04326133 -0.03522841 0.7445485 0.5525257 -0.04846519 -0.04326133 0.4305062 0.8697546
-0.04406865 -0.04245158 -0.04326364 -0.02800382 -0.04326364 -0.04326364 -0.04884079 -0.04326364 -0.04486681 1 -0.04326364 -0.02800382 -0.04326364 -0.04406865 -0.01824374 -0.03071775 -0.03441275 -0.03883495 -0.04406865 0.05493215 0.0447564 -0.008246874 -0.04245158 0.06645335 -0.03827765 -0.02341275 0.02668949 -0.02654902 0.001305513 -0.02508908 0.05179692 -0.02632956 -0.04379512 -0.02508908 -0.02508908 -0.03071775 0.01282137 -0.006109517 -0.03541884 -0.03071775 -0.03071775 -0.02501396 -0.01561849 -0.01396121 -0.03441275 -0.03071775 -0.03556528 -0.04021361
0.9928393 0.9927566 1 -0.03887953 1 1 0.8640037 1 0.9858098 -0.04326364 1 -0.03887953 0.9855446 0.9928393 0.02399745 -0.04264744 -0.04777746 0.4768511 0.9928393 0.02020165 -0.03500081 -0.02417526 0.004066474 0.06286194 -0.00318346 -0.07173974 -0.03685973 0.3259932 -0.1080992 0.9784663 -0.08935939 0.8396102 0.08883645 0.9784663 0.9784663 -0.04264744 0.8751249 0.1879493 0.9025911 -0.04264744 -0.04264744 -0.03472851 0.7553186 0.560479 -0.04777746 -0.04264744 0.4367031 0.8698785
-0.03915994 -0.03859791 -0.03887953 0.7973262 -0.03887953 -0.03887953 -0.03359206 -0.03887953 -0.03943918 -0.02800382 -0.03887953 1 -0.03887953 -0.03915994 0.09749378 -0.01466461 -0.0164286 -0.01853975 -0.03915994 -0.03831506 -0.05211754 0.2752376 0.0768911 0.03450477 -0.03717064 -0.02466818 -0.01267446 -0.01267446 -0.03717064 -0.03915994 -0.03072682 -0.03328236 -0.02090773 -0.03915994 -0.03915994 -0.01466461 -0.04376775 -0.03915994 -0.04244067 -0.01466461 -0.01466461 -0.01194163 -0.03006358 -0.02179116 -0.0164286 -0.01466461 -0.01697881 -0.04403072
0.9928393 0.9927566 0.9855446 -0.03887953 0.9855446 0.9855446 0.8477038 0.9855446 0.9858098 -0.04326364 0.9855446 -0.03887953 1 0.9784663 0.02399745 -0.04264744 -0.04777746 0.4768511 0.9928393 0.005576195 -0.03500081 -0.04326364 0.004066474 0.06286194 -0.00318346 -0.07173974 -0.03685973 0.3259932 -0.1080992 0.9784663 -0.08935939 0.8396102 0.1137765 0.9784663 0.9784663 -0.04264744 0.8619353 0.1879493 0.9025911 -0.04264744 -0.04264744 -0.03472851 0.7373878 0.560479 -0.04777746 -0.04264744 0.4367031 0.8698785
0.9857089 0.9856478 0.9928393 -0.03915994 0.9928393 0.9928393 0.8578169 0.9928393 0.978709 -0.04406865 0.9928393 -0.03915994 0.9784663 1 0.02299462 -0.04295503 -0.04812204 0.4734365 0.9857089 0.01864762 -0.03675847 -0.02508908 0.00259381 0.06160696 -0.004561195 -0.07225715 -0.03712558 0.3236589 -0.1088789 0.9714178 -0.09000388 0.833574 0.08754487 0.9714178 0.9714178 -0.04295503 0.8684925 0.1854072 0.895852 -0.04295503 -0.04295503 -0.03497899 0.7498839 0.5564656 -0.04812204 -0.04295503 0.433576 0.8632661
0.02299462 0.02501316 0.02399745 0.09749378 0.02399745 0.02399745 0.04473789 0.02399745 0.02200427 -0.01824374 0.02399745 0.09749378 0.02399745 0.02299462 1 0.02980307 -0.02833913 0.05600999 0.02299462 0.02604216 0.02024735 0.04188129 -0.04368241 -0.04118593 0.03029999 -0.04255232 -0.02186329 -0.02186329 -0.0641189 0.02299462 -0.02529541 0.04607952 0.003212738 0.02299462 0.02299462 0.02980307 0.04913591 0.0003583577 0.03309861 0.02980307 0.02980307 -0.02059916 0.03285913 0.07577721 -0.02833913 0.02980307 0.01855763 0.02744547
-0.04295503 -0.04233853 -0.04264744 -0.01466461 -0.04264744 -0.04264744 -0.03684755 -0.04264744 -0.04326133 -0.03071775 -0.04264744 -0.01466461 -0.04264744 -0.04295503 0.02980307 1 -0.01802073 -0.02033648 -0.04295503 0.06416316 0.05567962 -0.03071775 -0.04233853 0.0271756 0.2131487 -0.02705884 -0.01390278 -0.01390278 -0.004498423 -0.04295503 -0.03370463 -0.03650784 0.6410357 -0.04295503 -0.04295503 0.9153262 -0.0480094 -0.008168799 0.3128581 0.9153262 0.9153262 -0.01309892 -0.03297711 -0.023903 -0.01802073 0.9153262 -0.01862427 0.3012746
-0.04812204 -0.04743139 -0.04777746 -0.0164286 -0.04777746 -0.04777746 -0.0412799 -0.04777746 -0.04846519 -0.03441275 -0.04777746 -0.0164286 -0.04777746 -0.04812204 -0.02833913 -0.01802073 1 -0.02278273 -0.04812204 -0.0470838 -0.0640451 -0.03441275 0.2048703 -0.02934032 -0.04567747 -0.03031372 -0.01557513 -0.01557513 -0.04567747 -0.04812204 -0.03775892 -0.04089933 -0.02569264 -0.04812204 -0.04812204 -0.01802073 -0.05378439 -0.04812204 -0.05215359 -0.01802073 -0.01802073 -0.01467458 -0.03694389 -0.02677826 -0.02018843 -0.01802073 -0.02086456 -0.05410755
0.4734365 0.4803303 0.4768511 -0.01853975 0.4768511 0.4768511 0.5519086 0.4768511 0.4700845 -0.03883495 0.4768511 -0.01853975 0.4768511 0.4734365 0.05600999 -0.02033648 -0.02278273 1 0.4734365 0.116448 0.01783105 -0.03883495 0.0869621 0.2225556 -0.05154724 -0.03420917 -0.0175766 0.1382487 -0.05154724 0.4734365 -0.04261112 0.5570441 0.06739896 0.4734365 0.4734365 -0.02033648 0.4235937 0.001245886 0.4368392 -0.02033648 -0.02033648 -0.01656033 0.4434278 0.1552567 -0.02278273 -0.02033648 0.9158059 0.4210639
1 0.9856478 0.9928393 -0.03915994 0.9928393 0.9928393 0.8578169 0.9928393 0.9929198 -0.04406865 0.9928393 -0.03915994 0.9928393 0.9857089 0.02299462 -0.04295503 -0.04812204 0.4734365 1 0.01864762 -0.03675847 -0.02508908 0.00259381 0.06160696 -0.004561195 -0.07225715 -0.03712558 0.3236589 -0.1088789 0.9857089 -0.09000388 0.833574 0.1123427 0.9857089 0.9857089 -0.04295503 0.8684925 0.1854072 0.9092753 -0.04295503 -0.04295503 -0.03497899 0.7498839 0.5564656 -0.04812204 -0.04295503 0.433576 0.8763219
0.01864762 0.007064174 0.02020165 -0.03831506 0.02020165 0.02020165 0.05215098 0.02020165 0.01711209 0.05493215 0.02020165 -0.03831506 0.005576195 0.01864762 0.02604216 0.06416316 -0.0470838 0.116448 0.01864762 1 0.2987965 0.05493215 -0.05177807 -0.02381 -0.04587283 -0.005741549 -0.03632458 0.04525774 -0.04587283 0.01864762 -0.07026175 0.03758433 0.04101248 0.01864762 0.01864762 0.06416316 0.008010357 0.09135801 0.04227441 0.06416316 0.06416316 0.3116693 0.04083083 0.01037676 0.2701564 0.06416316 0.1357633 0.03323018
-0.03675847 -0.03322462 -0.03500081 -0.05211754 -0.03500081 -0.03500081 0.0004855324 -0.03500081 -0.03849816 0.0447564 -0.03500081 -0.05211754 -0.03500081 -0.03675847 0.02024735 0.05567962 -0.0640451 0.01783105 -0.03675847 0.2987965 1 0.0447564 -0.009775587 0.04916635 0.06055809 0.0418906 -0.01689891 -0.01689891 -0.03613076 -0.02516824 -0.07722401 0.01597379 0.09949525 -0.02516824 -0.02516824 0.08389163 0.02082285 -0.05993894 0.008732103 0.08389163 0.08389163 0.2291288 -0.01598523 -0.08495048 -0.01347616 0.08389163 0.03180225 0.01894174
-0.02508908 -0.04245158 -0.02417526 0.2752376 -0.02417526 -0.02417526 -0.005792745 -0.02417526 -0.02599387 -0.008246874 -0.02417526 0.2752376 -0.04326364 -0.02508908 0.04188129 -0.03071775 -0.03441275 -0.03883495 -0.02508908 0.05493215 0.0447564 1 0.09194465 0.0373368 0.0210971 0.03310593 -0.02654902 -0.02654902 -0.03827765 -0.02508908 -0.06436303 -0.02632956 -0.04379512 -0.02508908 -0.02508908 -0.03071775 0.01282137 0.145727 -0.03541884 -0.03071775 -0.03071775 0.2007073 0.008059141 0.01772321 -0.03441275 -0.03071775 -0.03556528 -0.04021361
0.00259381 0.005556413 0.004066474 0.03839476 0.004066474 0.004066474 0.03417382 0.004066474 0.01551336 -0.04245158 0.004066474 0.0768911 0.004066474 0.00259381 -0.04368241 -0.04233853 0.2048703 0.0869621 0.00259381 -0.05177807 -0.009775587 0.09194465 1 -0.02457719 -0.04701549 0.03640517 -0.03659274 -0.03659274 0.01328526 -0.01186287 -0.08871212 0.01957557 0.01489223 -0.01186287 -0.01186287 -0.04233853 0.006300644 -0.08414625 -0.02748001 -0.04233853 -0.04233853 -0.03447696 0.03944898 -0.01464592 -0.04743139 -0.04233853 0.1037642 -0.03467285
0.06160696 0.06413477 0.06286194 0.09288561 0.06286194 0.06286194 0.08918597 0.06286194 0.06036927 0.06645335 0.06286194 0.03450477 0.06286194 0.06160696 -0.04118593 0.0271756 -0.02934032 0.2225556 0.06160696 -0.02381 0.04916635 0.0373368 -0.02457719 1 0.07078765 -0.04405565 -0.0226357 -0.0226357 -0.02066022 0.06160696 0.1061407 0.09091209 0.03874499 0.06160696 0.06160696 0.0271756 0.0425468 0.03968298 0.06835229 0.0271756 0.0271756 -0.02132691 0.1104139 -0.002317667 0.06631544 0.0271756 0.2013787 0.06156633
-0.004561195 -0.00178993 -0.00318346 -0.03717064 -0.00318346 -0.00318346 0.02490468 -0.00318346 -0.005923613 -0.03827765 -0.00318346 -0.03717064 -0.00318346 -0.004561195 0.03029999 0.2131487 -0.04567747 -0.05154724 -0.004561195 -0.04587283 0.06055809 0.0210971 -0.04701549 0.07078765 1 -0.002019834 0.257376 0.1737716 0.160834 -0.004561195 0.2611564 0.02669598 0.2263155 -0.004561195 -0.004561195 0.2494232 0.001389199 -0.01946372 0.09196283 0.2494232 0.2494232 -0.03320207 0.04655206 -0.01083089 -0.01316712 0.2494232 -0.04720727 0.08179389
-0.07225715 -0.0712201 -0.07173974 -0.02466818 -0.07173974 -0.07173974 -0.0619834 -0.07173974 -0.07277239 -0.02341275 -0.07173974 -0.02466818 -0.07173974 -0.07225715 -0.04255232 -0.02705884 -0.03031372 -0.03420917 -0.07225715 -0.005741549 0.0418906 0.03310593 0.03640517 -0.04405565 -0.002019834 1 -0.02338667 -0.02338667 -0.06858652 -0.07225715 -0.05669651 -0.06141196 -0.03857852 -0.07225715 -0.07225715 -0.02705884 -0.04170636 -0.07225715 -0.07831068 -0.02705884 -0.02705884 -0.02203446 -0.05547271 -0.04020861 -0.03031372 -0.02705884 -0.03132896 -0.08124462
-0.03712558 -0.03659274 -0.03685973 -0.01267446 -0.03685973 -0.03685973 -0.03184694 -0.03685973 -0.0373903 0.02668949 -0.03685973 -0.01267446 -0.03685973 -0.03712558 -0.02186329 -0.01390278 -0.01557513 -0.0175766 -0.03712558 -0.03632458 -0.01689891 -0.02654902 -0.03659274 -0.0226357 0.257376 -0.02338667 1 -0.01201602 0.3409805 -0.03712558 -0.02913055 -0.03155334 -0.01982156 -0.03712558 -0.03712558 -0.01390278 -0.04149401 -0.03712558 -0.04023587 -0.01390278 -0.01390278 -0.01132126 -0.02850177 -0.0206591 -0.01557513 -0.01390278 -0.01609676 -0.04174332
0.3236589 0.3283717 0.3259932 -0.01267446 0.3259932 0.3259932 0.3773053 0.3259932 0.3213673 -0.02654902 0.3259932 -0.01267446 0.3259932 0.3236589 -0.02186329 -0.01390278 -0.01557513 0.1382487 0.3236589 0.04525774 -0.01689891 -0.02654902 -0.03659274 -0.0226357 0.1737716 -0.02338667 -0.01201602 1 -0.03523961 0.3236589 -0.02913055 0.3808162 -0.01982156 0.3236589 0.3236589 -0.01390278 0.2895845 -0.03712558 0.2986395 -0.01390278 -0.01390278 -0.01132126 0.2215485 0.04626227 -0.01557513 -0.01390278 0.1533663 0.287855
-0.1088789 -0.1073162 -0.1080992 -0.03717064 -0.1080992 -0.1080992 -0.09339814 -0.1080992 -0.1096553 0.001305513 -0.1080992 -0.03717064 -0.1080992 -0.1088789 -0.0641189 -0.004498423 -0.04567747 -0.05154724 -0.1088789 -0.04587283 -0.03613076 -0.03827765 0.01328526 -0.02066022 0.160834 -0.06858652 0.3409805 -0.03523961 1 -0.1088789 -0.08543173 -0.09253708 -0.05813108 -0.1088789 -0.1088789 -0.04077294 -0.09433927 -0.004561195 -0.1180005 -0.04077294 -0.04077294 -0.03320207 -0.08358768 -0.06058735 -0.04567747 -0.04077294 -0.04720727 -0.1224214
0.9857089 0.9711911 0.9784663 -0.03915994 0.9784663 0.9784663 0.8416098 0.9784663 0.978709 -0.02508908 0.9784663 -0.03915994 0.9784663 0.9714178 0.02299462 -0.04295503 -0.04812204 0.4734365 0.9857089 0.01864762 -0.02516824 -0.02508908 -0.01186287 0.06160696 -0.004561195 -0.07225715 -0.03712558 0.3236589 -0.1088789 1 -0.09000388 0.8499084 0.1123427 1 1 -0.04295503 0.8816069 0.1854072 0.9226985 -0.04295503 -0.04295503 -0.03497899 0.7677125 0.5564656 -0.04812204 -0.04295503 0.433576 0.8893777
-0.09000388 -0.08871212 -0.08935939 -0.03072682 -0.08935939 -0.08935939 -0.07720684 -0.08935939 -0.09064566 0.05179692 -0.08935939 -0.03072682 -0.08935939 -0.09000388 -0.02529541 -0.03370463 -0.03775892 -0.04261112 -0.09000388 -0.07026175 -0.07722401 -0.06436303 -0.08871212 0.1061407 0.2611564 -0.05669651 -0.02913055 -0.02913055 -0.08543173 -0.09000388 1 -0.07649505 -0.0480536 -0.09000388 -0.09000388 -0.03370463 -0.1005943 -0.09000388 -0.09754419 -0.03370463 -0.03370463 -0.02744623 -0.0690971 -0.05008406 -0.03775892 -0.03370463 -0.03902352 -0.1011987
0.833574 0.8457604 0.8396102 -0.03328236 0.8396102 0.8396102 0.9722565 0.8396102 0.8276482 -0.02632956 0.8396102 -0.03328236 0.8396102 0.833574 0.04607952 -0.03650784 -0.04089933 0.5570441 0.833574 0.03758433 0.01597379 -0.02632956 0.01957557 0.09091209 0.02669598 -0.06141196 -0.03155334 0.3808162 -0.09253708 0.8499084 -0.07649505 1 0.004636658 0.8499084 0.8499084 -0.03650784 0.7604312 -0.01581726 0.7842092 -0.03650784 -0.03650784 -0.02972893 0.862533 0.6274672 -0.04089933 -0.03650784 0.5101443 0.7558896
0.1123427 0.09014766 0.08883645 -0.02090773 0.08883645 0.08883645 0.003710067 0.08883645 0.1109308 -0.04379512 0.08883645 -0.02090773 0.1137765 0.08754487 0.003212738 0.6410357 -0.02569264 0.06739896 0.1123427 0.04101248 0.09949525 -0.04379512 0.01489223 0.03874499 0.2263155 -0.03857852 -0.01982156 -0.01982156 -0.05813108 0.1123427 -0.0480536 0.004636658 1 0.1123427 0.1123427 0.7013965 0.06808804 0.0379492 0.3761744 0.7013965 0.7013965 0.05505378 0.04579198 0.0487157 -0.02569264 0.7013965 0.02586164 0.3615724
0.9857089 0.9711911 0.9784663 -0.03915994 0.9784663 0.9784663 0.8416098 0.9784663 0.978709 -0.02508908 0.9784663 -0.03915994 0.9784663 0.9714178 0.02299462 -0.04295503 -0.04812204 0.4734365 0.9857089 0.01864762 -0.02516824 -0.02508908 -0.01186287 0.06160696 -0.004561195 -0.07225715 -0.03712558 0.3236589 -0.1088789 1 -0.09000388 0.8499084 0.1123427 1 1 -0.04295503 0.8816069 0.1854072 0.9226985 -0.04295503 -0.04295503 -0.03497899 0.7677125 0.5564656 -0.04812204 -0.04295503 0.433576 0.8893777
0.9857089 0.9711911 0.9784663 -0.03915994 0.9784663 0.9784663 0.8416098 0.9784663 0.978709 -0.02508908 0.9784663 -0.03915994 0.9784663 0.9714178 0.02299462 -0.04295503 -0.04812204 0.4734365 0.9857089 0.01864762 -0.02516824 -0.02508908 -0.01186287 0.06160696 -0.004561195 -0.07225715 -0.03712558 0.3236589 -0.1088789 1 -0.09000388 0.8499084 0.1123427 1 1 -0.04295503 0.8816069 0.1854072 0.9226985 -0.04295503 -0.04295503 -0.03497899 0.7677125 0.5564656 -0.04812204 -0.04295503 0.433576 0.8893777
-0.04295503 -0.04233853 -0.04264744 -0.01466461 -0.04264744 -0.04264744 -0.03684755 -0.04264744 -0.04326133 -0.03071775 -0.04264744 -0.01466461 -0.04264744 -0.04295503 0.02980307 0.9153262 -0.01802073 -0.02033648 -0.04295503 0.06416316 0.08389163 -0.03071775 -0.04233853 0.0271756 0.2494232 -0.02705884 -0.01390278 -0.01390278 -0.04077294 -0.04295503 -0.03370463 -0.03650784 0.7013965 -0.04295503 -0.04295503 1 -0.0480094 -0.04295503 0.3455319 1 1 -0.01309892 -0.03297711 -0.023903 -0.01802073 1 -0.01862427 0.3330539
0.8684925 0.8686138 0.8751249 -0.04376775 0.8751249 0.8751249 0.7526345 0.8751249 0.8619791 0.01282137 0.8751249 -0.04376775 0.8619353 0.8684925 0.04913591 -0.0480094 -0.05378439 0.4235937 0.8684925 0.008010357 0.02082285 0.01282137 0.006300644 0.0425468 0.001389199 -0.04170636 -0.04149401 0.2895845 -0.09433927 0.8816069 -0.1005943 0.7604312 0.06808804 0.8816069 0.8816069 -0.0480094 1 0.1734286 0.8095446 -0.0480094 -0.0480094 -0.03909484 0.6868888 0.4978816 -0.05378439 -0.0480094 0.3879297 0.778373
0.1854072 0.1905306 0.1879493 -0.03915994 0.1879493 0.1879493 -0.0173616 0.1879493 0.1829033 -0.006109517 0.1879493 -0.03915994 0.1879493 0.1854072 0.0003583577 -0.008168799 -0.04812204 0.001245886 0.1854072 0.09135801 -0.05993894 0.145727 -0.08414625 0.03968298 -0.01946372 -0.07225715 -0.03712558 -0.03712558 -0.004561195 0.1854072 -0.09000388 -0.01581726 0.0379492 0.1854072 0.1854072 -0.04295503 0.1734286 1 0.1575728 -0.04295503 -0.04295503 -0.03497899 -0.03457529 0.007742677 0.4195255 -0.04295503 -0.04973371 0.1451982
0.9092753 0.895877 0.9025911 -0.04244067 0.9025911 0.9025911 0.7762835 0.9025911 0.9025823 -0.03541884 0.9025911 -0.04244067 0.9025911 0.895852 0.03309861 0.3128581 -0.05215359 0.4368392 0.9092753 0.04227441 0.008732103 -0.03541884 -0.02748001 0.06835229 0.09196283 -0.07831068 -0.04023587 0.2986395 -0.1180005 0.9226985 -0.09754419 0.7842092 0.3761744 0.9226985 0.9226985 0.3455319 0.8095446 0.1575728 1 0.3455319 0.3455319 -0.03790944 0.7083672 0.5134499 -0.05215359 0.3455319 0.4000599 0.9638876
-0.04295503 -0.04233853 -0.04264744 -0.01466461 -0.04264744 -0.04264744 -0.03684755 -0.04264744 -0.04326133 -0.03071775 -0.04264744 -0.01466461 -0.04264744 -0.04295503 0.02980307 0.9153262 -0.01802073 -0.02033648 -0.04295503 0.06416316 0.08389163 -0.03071775 -0.04233853 0.0271756 0.2494232 -0.02705884 -0.01390278 -0.01390278 -0.04077294 -0.04295503 -0.03370463 -0.03650784 0.7013965 -0.04295503 -0.04295503 1 -0.0480094 -0.04295503 0.3455319 1 1 -0.01309892 -0.03297711 -0.023903 -0.01802073 1 -0.01862427 0.3330539
-0.04295503 -0.04233853 -0.04264744 -0.01466461 -0.04264744 -0.04264744 -0.03684755 -0.04264744 -0.04326133 -0.03071775 -0.04264744 -0.01466461 -0.04264744 -0.04295503 0.02980307 0.9153262 -0.01802073 -0.02033648 -0.04295503 0.06416316 0.08389163 -0.03071775 -0.04233853 0.0271756 0.2494232 -0.02705884 -0.01390278 -0.01390278 -0.04077294 -0.04295503 -0.03370463 -0.03650784 0.7013965 -0.04295503 -0.04295503 1 -0.0480094 -0.04295503 0.3455319 1 1 -0.01309892 -0.03297711 -0.023903 -0.01802073 1 -0.01862427 0.3330539
-0.03497899 -0.03447696 -0.03472851 -0.01194163 -0.03472851 -0.03472851 -0.03000556 -0.03472851 -0.03522841 -0.02501396 -0.03472851 -0.01194163 -0.03472851 -0.03497899 -0.02059916 -0.01309892 -0.01467458 -0.01656033 -0.03497899 0.3116693 0.2291288 0.2007073 -0.03447696 -0.02132691 -0.03320207 -0.02203446 -0.01132126 -0.01132126 -0.03320207 -0.03497899 -0.02744623 -0.02972893 0.05505378 -0.03497899 -0.03497899 -0.01309892 -0.03909484 -0.03497899 -0.03790944 -0.01309892 -0.01309892 1 -0.0268538 -0.0194646 -0.01467458 -0.01309892 -0.01516605 -0.03932973
0.7498839 0.7428209 0.7553186 -0.03006358 0.7553186 0.7553186 0.8545233 0.7553186 0.7445485 -0.01561849 0.7553186 -0.03006358 0.7373878 0.7498839 0.03285913 -0.03297711 -0.03694389 0.4434278 0.7498839 0.04083083 -0.01598523 0.008059141 0.03944898 0.1104139 0.04655206 -0.05547271 -0.02850177 0.2215485 -0.08358768 0.7677125 -0.0690971 0.862533 0.04579198 0.7677125 0.7677125 -0.03297711 0.6868888 -0.03457529 0.7083672 -0.03297711 -0.03297711 -0.0268538 1 0.6950729 -0.03694389 -0.03297711 0.4140273 0.6827863
0.5564656 0.5645683 0.560479 -0.02179116 0.560479 0.560479 0.6216438 0.560479 0.5525257 -0.01396121 0.560479 -0.02179116 0.560479 0.5564656 0.07577721 -0.023903 -0.02677826 0.1552567 0.5564656 0.01037676 -0.08495048 0.01772321 -0.01464592 -0.002317667 -0.01083089 -0.04020861 -0.0206591 0.04626227 -0.06058735 0.5564656 -0.05008406 0.6274672 0.0487157 0.5564656 0.5564656 -0.023903 0.4978816 0.007742677 0.5134499 -0.023903 -0.023903 -0.0194646 0.6950729 1 -0.02677826 -0.023903 0.07317935 0.494908
-0.04812204 -0.04743139 -0.04777746 -0.0164286 -0.04777746 -0.04777746 -0.0412799 -0.04777746 -0.04846519 -0.03441275 -0.04777746 -0.0164286 -0.04777746 -0.04812204 -0.02833913 -0.01802073 -0.02018843 -0.02278273 -0.04812204 0.2701564 -0.01347616 -0.03441275 -0.04743139 0.06631544 -0.01316712 -0.03031372 -0.01557513 -0.01557513 -0.04567747 -0.04812204 -0.03775892 -0.04089933 -0.02569264 -0.04812204 -0.04812204 -0.01802073 -0.05378439 0.4195255 -0.05215359 -0.01802073 -0.01802073 -0.01467458 -0.03694389 -0.02677826 1 -0.01802073 -0.02086456 -0.05410755
-0.04295503 -0.04233853 -0.04264744 -0.01466461 -0.04264744 -0.04264744 -0.03684755 -0.04264744 -0.04326133 -0.03071775 -0.04264744 -0.01466461 -0.04264744 -0.04295503 0.02980307 0.9153262 -0.01802073 -0.02033648 -0.04295503 0.06416316 0.08389163 -0.03071775 -0.04233853 0.0271756 0.2494232 -0.02705884 -0.01390278 -0.01390278 -0.04077294 -0.04295503 -0.03370463 -0.03650784 0.7013965 -0.04295503 -0.04295503 1 -0.0480094 -0.04295503 0.3455319 1 1 -0.01309892 -0.03297711 -0.023903 -0.01802073 1 -0.01862427 0.3330539
0.433576 0.4398893 0.4367031 -0.01697881 0.4367031 0.4367031 0.5054412 0.4367031 0.4305062 -0.03556528 0.4367031 -0.01697881 0.4367031 0.433576 0.01855763 -0.01862427 -0.02086456 0.9158059 0.433576 0.1357633 0.03180225 -0.03556528 0.1037642 0.2013787 -0.04720727 -0.03132896 -0.01609676 0.1533663 -0.04720727 0.433576 -0.03902352 0.5101443 0.02586164 0.433576 0.433576 -0.01862427 0.3879297 -0.04973371 0.4000599 -0.01862427 -0.01862427 -0.01516605 0.4140273 0.07317935 -0.02086456 -0.01862427 1 0.3856128
0.8763219 0.8634061 0.8698785 -0.04403072 0.8698785 0.8698785 0.7481171 0.8698785 0.8697546 -0.04021361 0.8698785 -0.04403072 0.8698785 0.8632661 0.02744547 0.3012746 -0.05410755 0.4210639 0.8763219 0.03323018 0.01894174 -0.04021361 -0.03467285 0.06156633 0.08179389 -0.08124462 -0.04174332 0.287855 -0.1224214 0.8893777 -0.1011987 0.7558896 0.3615724 0.8893777 0.8893777 0.3330539 0.778373 0.1451982 0.9638876 0.3330539 0.3330539 -0.03932973 0.6827863 0.494908 -0.05410755 0.3330539 0.3856128 1
