1 0.6533968 0.6533968 0.6443162 0.6706894 0.6706894 0.6533968 0.6118116 0.1636346 0.6118116 0.1311256 0.1636346 0.3371651 -0.06969114 0.6392497 0.6012943 0.1636346 0.6044251 0.2474057 -0.1476575 0.6165771 -0.06295378 0.5939238 -0.08160048 0.5491881 0.5970387 0.02627752 -0.03475108 0.1311256 -0.0869875 0.6054878 0.5816818 0.5198227 0.1424093 0.1424093 0.1424093 0.1424093 -0.2240587 0.554137 0.1424093 0.1424093 0.1424093 0.1424093 0.06026031 -0.03773299 0.4840548 0.1563472 -0.04944341 0.01615383 0.07263773 0.04952779 0.014745 0.6199351 0.5084064 0.5101929 0.6012943 0.5309967 0.5509281 0.09605143 0.001901168
0.6533968 1 1 0.9360587 0.7915181 0.7915181 1 0.9220441 0.2939236 0.9220441 0.2715682 0.2939236 0.5710928 -0.06969114 0.9858529 0.9108581 0.2939236 0.9146576 -0.08160048 -0.1476575 0.961356 -0.06295378 0.9034876 -0.08160048 0.8817271 0.9072711 0.1140788 -0.03475108 0.2715682 -0.0869875 0.8893035 0.8886441 0.8143322 0.2791985 0.2791985 0.2791985 0.2791985 -0.2240587 0.8876285 0.2791985 0.2791985 0.2791985 0.2791985 0.1798344 -0.03773299 0.770738 -0.1096569 -0.04944341 0.01615383 0.08506088 0.02505448 0.00108154 0.8209419 0.6012612 0.7728566 0.9034876 0.8032726 0.8342215 0.2104079 -0.07263773
0.6533968 1 1 0.9360587 0.7915181 0.7915181 1 0.9220441 0.2939236 0.9220441 0.2715682 0.2939236 0.5710928 -0.06969114 0.9858529 0.9108581 0.2939236 0.9146576 -0.08160048 -0.1476575 0.961356 -0.06295378 0.9034876 -0.08160048 0.8817271 0.9072711 0.1140788 -0.03475108 0.2715682 -0.0869875 0.8893035 0.8886441 0.8143322 0.2791985 0.2791985 0.2791985 0.2791985 -0.2240587 0.8876285 0.2791985 0.2791985 0.2791985 0.2791985 0.1798344 -0.03773299 0.770738 -0.1096569 -0.04944341 0.01615383 0.08506088 0.02505448 0.00108154 0.8209419 0.6012612 0.7728566 0.9034876 0.8032726 0.8342215 0.2104079 -0.07263773
0.6443162 0.9360587 0.9360587 1 0.8475872 0.8475872 0.9360587 0.847936 0.3115735 0.847936 0.2878757 0.3115735 0.5322709 -0.06574329 0.9214716 0.836784 0.3115735 0.8403197 -0.076978 -0.1392931 0.8971724 -0.0593876 0.8291842 -0.076978 0.8218039 0.8327035 0.1307312 -0.03030762 0.2878757 -0.08205986 0.8122182 0.8153759 0.7462037 0.2959642 0.2959642 0.2959642 0.2959642 -0.20155 0.8273425 0.2959642 0.2959642 0.2959642 0.2959642 0.1906334 -0.03174597 0.7133007 -0.1001104 -0.06380862 -0.004091748 0.08814616 0.03222569 0.02709894 0.7561683 0.5606824 0.7011983 0.8291842 0.7678294 0.7603517 0.2252494 -0.08814616
0.6706894 0.7915181 0.7915181 0.8475872 1 1 0.7915181 0.6737072 0.3676005 0.6737072 0.3396414 0.3676005 0.3794972 -0.05572317 0.7754076 0.6624 0.3676005 0.6652956 -0.06524557 -0.118063 0.7511146 -0.05033617 0.6540065 -0.06524557 0.6857667 0.656884 0.1805644 -0.01821932 0.3396414 -0.06955289 0.6631074 0.6427128 0.5860465 0.3491844 0.3491844 0.3491844 0.3491844 -0.1661842 0.6904302 0.3491844 0.3491844 0.3491844 0.3491844 0.224913 -0.01528987 0.5863268 -0.07478848 -0.04876995 -0.02720563 0.1197855 0.02536968 0.06277275 0.5939591 0.4555544 0.5384889 0.6624 0.6566848 0.6096448 0.2716798 0.03583488
0.6706894 0.7915181 0.7915181 0.8475872 1 1 0.7915181 0.6737072 0.3676005 0.6737072 0.3396414 0.3676005 0.3794972 -0.05572317 0.7754076 0.6624 0.3676005 0.6652956 -0.06524557 -0.118063 0.7511146 -0.05033617 0.6540065 -0.06524557 0.6857667 0.656884 0.1805644 -0.01821932 0.3396414 -0.06955289 0.6631074 0.6427128 0.5860465 0.3491844 0.3491844 0.3491844 0.3491844 -0.1661842 0.6904302 0.3491844 0.3491844 0.3491844 0.3491844 0.224913 -0.01528987 0.5863268 -0.07478848 -0.04876995 -0.02720563 0.1197855 0.02536968 0.06277275 0.5939591 0.4555544 0.5384889 0.6624 0.6566848 0.6096448 0.2716798 0.03583488
0.6533968 1 1 0.9360587 0.7915181 0.7915181 1 0.9220441 0.2939236 0.9220441 0.2715682 0.2939236 0.5710928 -0.06969114 0.9858529 0.9108581 0.2939236 0.9146576 -0.08160048 -0.1476575 0.961356 -0.06295378 0.9034876 -0.08160048 0.8817271 0.9072711 0.1140788 -0.03475108 0.2715682 -0.0869875 0.8893035 0.8886441 0.8143322 0.2791985 0.2791985 0.2791985 0.2791985 -0.2240587 0.8876285 0.2791985 0.2791985 0.2791985 0.2791985 0.1798344 -0.03773299 0.770738 -0.1096569 -0.04944341 0.01615383 0.08506088 0.02505448 0.00108154 0.8209419 0.6012612 0.7728566 0.9034876 0.8032726 0.8342215 0.2104079 -0.07263773
0.6118116 0.9220441 0.9220441 0.847936 0.6737072 0.6737072 0.9220441 1 -0.08938592 1 -0.08258736 -0.08938592 0.6197868 -0.0642583 0.9146576 0.9884624 -0.08938592 0.9922867 -0.07523924 -0.1361468 0.8976686 -0.05804617 0.9807658 -0.07523924 0.8159315 0.9845734 -0.1376844 -0.0285957 -0.08258736 -0.08020631 0.9650933 0.9658381 0.8913773 -0.08490784 -0.08490784 -0.08490784 -0.08490784 -0.2146815 0.8355954 -0.08490784 -0.08490784 -0.08490784 -0.08490784 0.1950389 -0.02943093 0.7128534 -0.1096922 -0.04068561 0.01573837 0.1072736 -0.04160449 0.01769378 0.8964259 0.5517761 0.8470689 0.9730691 0.7509208 0.9094365 -0.0871726 -0.09430084
0.1636346 0.2939236 0.2939236 0.3115735 0.3676005 0.3676005 0.2939236 -0.08938592 1 -0.08938592 0.9239415 1 -0.05634956 -0.02048387 0.2939236 -0.08973056 1 -0.08938592 -0.0239843 -0.04340003 0.272323 -0.0185036 -0.08973056 -0.0239843 0.2691339 -0.08938592 0.6492089 -0.0185036 0.9239415 -0.02556768 -0.08766004 -0.09110766 -0.09865755 0.9499017 0.9499017 0.9499017 0.9499017 -0.06843485 0.2350799 0.9499017 0.9499017 0.9499017 0.9499017 -0.01743373 -0.0239843 0.2367604 -0.01006951 -0.02632669 0.00453536 -0.04437627 0.171782 -0.03984223 -0.09419942 0.1822699 -0.09625745 -0.07033628 0.2259719 -0.09213913 0.7746333 0.04437627
0.6118116 0.9220441 0.9220441 0.847936 0.6737072 0.6737072 0.9220441 1 -0.08938592 1 -0.08258736 -0.08938592 0.6197868 -0.0642583 0.9146576 0.9884624 -0.08938592 0.9922867 -0.07523924 -0.1361468 0.8976686 -0.05804617 0.9807658 -0.07523924 0.8159315 0.9845734 -0.1376844 -0.0285957 -0.08258736 -0.08020631 0.9650933 0.9658381 0.8913773 -0.08490784 -0.08490784 -0.08490784 -0.08490784 -0.2146815 0.8355954 -0.08490784 -0.08490784 -0.08490784 -0.08490784 0.1950389 -0.02943093 0.7128534 -0.1096922 -0.04068561 0.01573837 0.1072736 -0.04160449 0.01769378 0.8964259 0.5517761 0.8470689 0.9730691 0.7509208 0.9094365 -0.0871726 -0.09430084
0.1311256 0.2715682 0.2715682 0.2878757 0.3396414 0.3396414 0.2715682 -0.08258736 0.9239415 -0.08258736 1 0.9239415 -0.0520637 -0.0189259 0.2715682 -0.08290579 0.9239415 -0.08258736 -0.02216009 -0.04009909 0.2687171 -0.01709625 -0.08290579 -0.02216009 0.248664 -0.08258736 0.5998311 -0.01709625 1 -0.02362304 -0.08099275 -0.08417815 -0.09115381 0.9726707 0.9726707 0.9726707 0.9726707 -0.0632298 0.250293 0.9726707 0.9726707 0.9726707 0.9726707 -0.01610775 -0.02216009 0.2325817 -0.004171064 -0.02432432 -0.03274365 -0.04100108 0.0496349 -0.03681189 -0.08703476 0.1834565 -0.08893626 -0.08290579 0.2174947 -0.08513117 0.7852212 0.04100108
0.1636346 0.2939236 0.2939236 0.3115735 0.3676005 0.3676005 0.2939236 -0.08938592 1 -0.08938592 0.9239415 1 -0.05634956 -0.02048387 0.2939236 -0.08973056 1 -0.08938592 -0.0239843 -0.04340003 0.272323 -0.0185036 -0.08973056 -0.0239843 0.2691339 -0.08938592 0.6492089 -0.0185036 0.9239415 -0.02556768 -0.08766004 -0.09110766 -0.09865755 0.9499017 0.9499017 0.9499017 0.9499017 -0.06843485 0.2350799 0.9499017 0.9499017 0.9499017 0.9499017 -0.01743373 -0.0239843 0.2367604 -0.01006951 -0.02632669 0.00453536 -0.04437627 0.171782 -0.03984223 -0.09419942 0.1822699 -0.09625745 -0.07033628 0.2259719 -0.09213913 0.7746333 0.04437627
0.3371651 0.5710928 0.5710928 0.5322709 0.3794972 0.3794972 0.5710928 0.6197868 -0.05634956 0.6197868 -0.0520637 -0.05634956 1 -0.04050892 0.5812636 0.6279862 -0.05634956 0.6304076 -0.04743139 -0.08582795 0.575161 -0.03659274 0.6279862 -0.04743139 0.5322396 0.6304076 -0.08679727 -0.03659274 -0.0520637 -0.05056267 0.6106017 0.6184942 0.5711631 -0.05352654 -0.05352654 -0.05352654 -0.05352654 -0.1353368 0.5357263 -0.05352654 -0.05352654 -0.05352654 -0.05352654 -0.03447696 -0.04743139 0.5392563 -0.04940153 -0.0520637 -0.07008439 -0.01630745 -0.04233853 -0.0394997 0.57755 0.3926697 0.5854046 0.6279862 0.4723932 0.5593476 -0.05495427 -0.0372809
-0.06969114 -0.06969114 -0.06969114 -0.06574329 -0.05572317 -0.05572317 -0.06969114 -0.0642583 -0.02048387 -0.0642583 -0.0189259 -0.02048387 -0.04050892 1 -0.06969114 -0.06450606 -0.02048387 -0.0642583 -0.01724199 -0.03119968 -0.07043057 -0.01330198 -0.06450606 -0.01724199 -0.07611031 -0.0642583 -0.03155204 -0.01330198 -0.0189259 -0.01838025 -0.06301759 0.04007759 -0.07092355 -0.01945766 -0.01945766 -0.01945766 -0.01945766 0.2993192 -0.07561495 -0.01945766 -0.01945766 -0.01945766 -0.01945766 -0.01253287 -0.01724199 -0.07511997 -0.03119968 -0.0189259 0.1391084 -0.03190149 -0.01539066 -0.02864203 0.0100552 0.05332144 -0.06919815 -0.06450606 -0.04209003 -0.06623755 -0.01997666 -0.05782515
0.6392497 0.9858529 0.9858529 0.9214716 0.7754076 0.7754076 0.9858529 0.9146576 0.2939236 0.9146576 0.2715682 0.2939236 0.5812636 -0.06969114 1 0.9255993 0.2939236 0.9220441 -0.08160048 -0.1476575 0.9683923 -0.06295378 0.9108581 -0.08160048 0.8885136 0.9146576 0.1140788 -0.03475108 0.2715682 -0.0869875 0.8967723 0.8959527 0.8213443 0.2791985 0.2791985 0.2791985 0.2791985 -0.2240587 0.8944344 0.2791985 0.2791985 0.2791985 0.2791985 0.1798344 -0.03773299 0.7775637 -0.1096569 -0.04944341 0.01615383 0.08506088 0.02505448 0.00108154 0.8281207 0.6074515 0.7799556 0.9108581 0.8104378 0.8342215 0.2104079 -0.07263773
0.6012943 0.9108581 0.9108581 0.836784 0.6624 0.6624 0.9108581 0.9884624 -0.08973056 0.9884624 -0.08290579 -0.08973056 0.6279862 -0.06450606 0.9255993 1 -0.08973056 0.9961591 -0.07552934 -0.1366717 0.9012181 -0.05826998 0.9846399 -0.07552934 0.8192479 0.9884624 -0.1382152 -0.02888299 -0.08290579 -0.08051557 0.9691427 0.9696539 0.8949022 -0.08523522 -0.08523522 -0.08523522 -0.08523522 -0.2063674 0.8389027 -0.08523522 -0.08523522 -0.08523522 -0.08523522 0.1942897 -0.02981977 0.7164589 -0.1102742 -0.04109436 0.01503617 0.1062056 -0.04191853 0.01690434 0.9001977 0.5607813 0.8508251 0.9769598 0.7549856 0.9057388 -0.08750872 -0.09326078
0.1636346 0.2939236 0.2939236 0.3115735 0.3676005 0.3676005 0.2939236 -0.08938592 1 -0.08938592 0.9239415 1 -0.05634956 -0.02048387 0.2939236 -0.08973056 1 -0.08938592 -0.0239843 -0.04340003 0.272323 -0.0185036 -0.08973056 -0.0239843 0.2691339 -0.08938592 0.6492089 -0.0185036 0.9239415 -0.02556768 -0.08766004 -0.09110766 -0.09865755 0.9499017 0.9499017 0.9499017 0.9499017 -0.06843485 0.2350799 0.9499017 0.9499017 0.9499017 0.9499017 -0.01743373 -0.0239843 0.2367604 -0.01006951 -0.02632669 0.00453536 -0.04437627 0.171782 -0.03984223 -0.09419942 0.1822699 -0.09625745 -0.07033628 0.2259719 -0.09213913 0.7746333 0.04437627
0.6044251 0.9146576 0.9146576 0.8403197 0.6652956 0.6652956 0.9146576 0.9922867 -0.08938592 0.9922867 -0.08258736 -0.08938592 0.6304076 -0.0642583 0.9220441 0.9961591 -0.08938592 1 -0.07523924 -0.1361468 0.9050162 -0.05804617 0.9884624 -0.07523924 0.8230183 0.9922867 -0.1376844 -0.0285957 -0.08258736 -0.08020631 0.9728926 0.9734701 0.8986997 -0.08490784 -0.08490784 -0.08490784 -0.08490784 -0.2146815 0.8427024 -0.08490784 -0.08490784 -0.08490784 -0.08490784 0.1950389 -0.02943093 0.7199812 -0.1096922 -0.04068561 0.01573837 0.1072736 -0.04160449 0.01769378 0.9039224 0.5582403 0.854482 0.9807658 0.758403 0.9094365 -0.0871726 -0.09430084
0.2474057 -0.08160048 -0.08160048 -0.076978 -0.06524557 -0.06524557 -0.08160048 -0.07523924 -0.0239843 -0.07523924 -0.02216009 -0.0239843 -0.04743139 -0.01724199 -0.08160048 -0.07552934 -0.0239843 -0.07523924 1 -0.03653132 -0.08246627 -0.01557513 -0.07552934 -0.02018843 -0.08911661 -0.07523924 -0.03694389 -0.01557513 -0.02216009 -0.0215212 -0.07378651 -0.0766885 -0.0830435 -0.02278273 -0.02278273 -0.02278273 -0.02278273 -0.057604 -0.0885366 -0.02278273 -0.02278273 -0.02278273 -0.02278273 -0.01467458 -0.02018843 -0.08795704 0.5526334 -0.02216009 -0.02983032 -0.03735306 0.05786657 -0.0335366 0.1655712 0.1671337 -0.08102325 -0.07552934 -0.07957976 -0.07755672 -0.02339042 -0.001168871
-0.1476575 -0.1476575 -0.1476575 -0.1392931 -0.118063 -0.118063 -0.1476575 -0.1361468 -0.04340003 -0.1361468 -0.04009909 -0.04340003 -0.08582795 -0.03119968 -0.1476575 -0.1366717 -0.04340003 -0.1361468 -0.03653132 1 -0.1240238 -0.02818347 -0.1366717 -0.03653132 -0.1612581 -0.1361468 -0.06685064 -0.02818347 -0.04009909 -0.03894301 -0.133518 -0.1387692 -0.1502687 -0.04122576 -0.04122576 -0.04122576 -0.04122576 -0.1042355 -0.1602086 -0.04122576 -0.04122576 -0.04122576 -0.04122576 -0.02655391 -0.03653132 -0.1347134 -0.04342101 -0.04009909 -0.0539785 0.06588878 -0.03260884 -0.01174966 -0.1434784 -0.2074902 -0.146613 -0.1366717 -0.144001 -0.1403403 -0.04232539 0.0008511245
0.6165771 0.961356 0.961356 0.8971724 0.7511146 0.7511146 0.961356 0.8976686 0.272323 0.8976686 0.2687171 0.272323 0.575161 -0.07043057 0.9683923 0.9012181 0.272323 0.9050162 -0.08246627 -0.1240238 1 -0.06362173 0.9012181 -0.08246627 0.8713686 0.9050162 0.09863108 -0.06362173 0.2687171 -0.08791045 0.8873182 0.8863167 0.8116933 0.2568288 0.2568288 0.2568288 0.2568288 -0.217848 0.8772761 0.2568288 0.2568288 0.2568288 0.2568288 0.1779464 -0.03882967 0.7678279 -0.1114236 -0.05060496 0.0141549 0.08221662 -0.0005781017 0.02610724 0.8186747 0.602662 0.770652 0.8938863 0.8010664 0.8248547 0.1888407 -0.06985885
-0.06295378 -0.06295378 -0.06295378 -0.0593876 -0.05033617 -0.05033617 -0.06295378 -0.05804617 -0.0185036 -0.05804617 -0.01709625 -0.0185036 -0.03659274 -0.01330198 -0.06295378 -0.05826998 -0.0185036 -0.05804617 -0.01557513 -0.02818347 -0.06362173 1 -0.05826998 -0.01557513 -0.06875239 -0.05804617 -0.02850177 -0.01201602 -0.01709625 -0.01660335 -0.0569254 -0.05916425 -0.06406706 -0.0175766 -0.0175766 -0.0175766 -0.0175766 -0.04444079 -0.06830491 -0.0175766 -0.0175766 -0.0175766 -0.0175766 -0.01132126 0.6840365 -0.06785779 -0.02818347 -0.01709625 -0.02301373 -0.02881743 -0.01390278 -0.02587308 -0.061172 -0.09318963 -0.06250846 -0.05826998 -0.06139482 -0.05983407 -0.01804543 0.02881743
0.5939238 0.9034876 0.9034876 0.8291842 0.6540065 0.6540065 0.9034876 0.9807658 -0.08973056 0.9807658 -0.08290579 -0.08973056 0.6279862 -0.06450606 0.9108581 0.9846399 -0.08973056 0.9884624 -0.07552934 -0.1366717 0.9012181 -0.05826998 1 -0.07552934 0.8263194 0.9961591 -0.1382152 -0.05826998 -0.08290579 -0.08051557 0.9769251 0.9772694 0.9022088 -0.08523522 -0.08523522 -0.08523522 -0.08523522 -0.2155092 0.8459944 -0.08523522 -0.08523522 -0.08523522 -0.08523522 0.1942897 -0.02981977 0.7235713 -0.1102742 -0.04109436 0.01503617 0.1191504 -0.04191853 0.01690434 0.907678 0.5607813 0.8582222 0.9846399 0.7624516 0.9133078 -0.08750872 -0.09326078
-0.08160048 -0.08160048 -0.08160048 -0.076978 -0.06524557 -0.06524557 -0.08160048 -0.07523924 -0.0239843 -0.07523924 -0.02216009 -0.0239843 -0.04743139 -0.01724199 -0.08160048 -0.07552934 -0.0239843 -0.07523924 -0.02018843 -0.03653132 -0.08246627 -0.01557513 -0.07552934 1 -0.08911661 -0.07523924 -0.03694389 -0.01557513 -0.02216009 -0.0215212 -0.07378651 -0.0766885 -0.0830435 -0.02278273 -0.02278273 -0.02278273 -0.02278273 0.3504692 -0.0885366 -0.02278273 -0.02278273 -0.02278273 -0.02278273 -0.01467458 0.1158367 0.1871949 -0.03653132 -0.02216009 0.252812 0.001168871 -0.01802073 -0.0335366 -0.07929094 0.1479386 -0.05901048 -0.07552934 -0.05736191 -0.07755672 -0.02339042 -0.0396908
0.5491881 0.8817271 0.8817271 0.8218039 0.6857667 0.6857667 0.8817271 0.8159315 0.2691339 0.8159315 0.248664 0.2691339 0.5322396 -0.07611031 0.8885136 0.8192479 0.2691339 0.8230183 -0.08911661 -0.1612581 0.8713686 -0.06875239 0.8263194 -0.08911661 1 0.830105 0.4145568 -0.06875239 0.248664 0.2414949 0.8136456 0.8114566 0.9183969 0.2556508 0.2556508 0.2556508 0.2556508 -0.254278 0.980432 0.2556508 0.2556508 0.2556508 0.2556508 0.1646671 -0.04702914 0.8560118 -0.05188221 0.03692376 -0.0004999467 0.1211718 0.01437314 0.009269712 0.7588808 0.5417773 0.8751276 0.8263194 0.8517381 0.7518074 0.1893257 -0.04965747
0.5970387 0.9072711 0.9072711 0.8327035 0.656884 0.656884 0.9072711 0.9845734 -0.08938592 0.9845734 -0.08258736 -0.08938592 0.6304076 -0.0642583 0.9146576 0.9884624 -0.08938592 0.9922867 -0.07523924 -0.1361468 0.9050162 -0.05804617 0.9961591 -0.07523924 0.830105 1 -0.1376844 -0.05804617 -0.08258736 -0.08020631 0.9806919 0.9811021 0.906022 -0.08490784 -0.08490784 -0.08490784 -0.08490784 -0.2146815 0.8498095 -0.08490784 -0.08490784 -0.08490784 -0.08490784 0.1950389 -0.02943093 0.7271089 -0.1096922 -0.04068561 0.01573837 0.1072736 -0.04160449 0.01769378 0.9114188 0.5647045 0.861895 0.9884624 0.7658852 0.9170218 -0.0871726 -0.09430084
0.02627752 0.1140788 0.1140788 0.1307312 0.1805644 0.1805644 0.1140788 -0.1376844 0.6492089 -0.1376844 0.5998311 0.6492089 -0.08679727 -0.03155204 0.1140788 -0.1382152 0.6492089 -0.1376844 -0.03694389 -0.06685064 0.09863108 -0.02850177 -0.1382152 -0.03694389 0.4145568 -0.1376844 1 -0.02850177 0.5998311 0.5825375 -0.1350259 -0.1403364 0.1837566 0.6166846 0.6166846 0.6166846 0.6166846 -0.1054127 0.3931355 0.6166846 0.6166846 0.6166846 0.6166846 -0.0268538 -0.03694389 0.3716071 0.09037875 0.1373322 -0.02764945 0.0417915 0.09721379 -0.01291336 -0.1196393 0.03142462 0.1790253 -0.1251455 0.2990657 -0.1419252 0.4979462 0.06835438
-0.03475108 -0.03475108 -0.03475108 -0.03030762 -0.01821932 -0.01821932 -0.03475108 -0.0285957 -0.0185036 -0.0285957 -0.01709625 -0.0185036 -0.03659274 -0.01330198 -0.03475108 -0.02888299 -0.0185036 -0.0285957 -0.01557513 -0.02818347 -0.06362173 -0.01201602 -0.05826998 -0.01557513 -0.06875239 -0.05804617 -0.02850177 1 -0.01709625 -0.01660335 -0.0569254 -0.03002422 -0.06406706 -0.0175766 -0.0175766 -0.0175766 -0.0175766 -0.04444079 -0.06830491 -0.0175766 -0.0175766 -0.0175766 -0.0175766 -0.01132126 0.2467792 -0.06785779 -0.02818347 0.3028779 -0.02301373 -0.02881743 -0.01390278 0.08308133 -0.061172 -0.09318963 -0.06250846 -0.05826998 -0.06139482 -0.05983407 0.2099285 0.02881743
0.1311256 0.2715682 0.2715682 0.2878757 0.3396414 0.3396414 0.2715682 -0.08258736 0.9239415 -0.08258736 1 0.9239415 -0.0520637 -0.0189259 0.2715682 -0.08290579 0.9239415 -0.08258736 -0.02216009 -0.04009909 0.2687171 -0.01709625 -0.08290579 -0.02216009 0.248664 -0.08258736 0.5998311 -0.01709625 1 -0.02362304 -0.08099275 -0.08417815 -0.09115381 0.9726707 0.9726707 0.9726707 0.9726707 -0.0632298 0.250293 0.9726707 0.9726707 0.9726707 0.9726707 -0.01610775 -0.02216009 0.2325817 -0.004171064 -0.02432432 -0.03274365 -0.04100108 0.0496349 -0.03681189 -0.08703476 0.1834565 -0.08893626 -0.08290579 0.2174947 -0.08513117 0.7852212 0.04100108
-0.0869875 -0.0869875 -0.0869875 -0.08205986 -0.06955289 -0.06955289 -0.0869875 -0.08020631 -0.02556768 -0.08020631 -0.02362304 -0.02556768 -0.05056267 -0.01838025 -0.0869875 -0.08051557 -0.02556768 -0.08020631 -0.0215212 -0.03894301 -0.08791045 -0.01660335 -0.08051557 -0.0215212 0.2414949 -0.08020631 0.5825375 -0.01660335 -0.02362304 1 -0.07865768 -0.08175124 0.2591558 -0.02428678 -0.02428678 -0.02428678 -0.02428678 -0.06140684 0.2430769 -0.02428678 -0.02428678 -0.02428678 -0.02428678 -0.01564335 -0.0215212 0.2048619 0.1088357 -0.02362304 -0.03179963 0.03264871 -0.01921041 0.04395219 -0.04264946 -0.09265655 0.2656176 -0.08051557 0.1032502 -0.08267678 -0.02493459 0.03981899
0.6054878 0.8893035 0.8893035 0.8122182 0.6631074 0.6631074 0.8893035 0.9650933 -0.08766004 0.9650933 -0.08099275 -0.08766004 0.6106017 -0.06301759 0.8967723 0.9691427 -0.08766004 0.9728926 -0.07378651 -0.133518 0.8873182 -0.0569254 0.9769251 -0.07378651 0.8136456 0.9806919 -0.1350259 -0.0569254 -0.08099275 -0.07865768 1 0.9621588 0.8885285 -0.08326843 -0.08326843 -0.08326843 -0.08326843 -0.2105364 0.8334013 -0.08326843 -0.08326843 -0.08326843 -0.08326843 0.1988788 -0.02746753 0.7091623 -0.1067685 -0.03862387 0.01929974 0.1127093 -0.04002284 0.02169764 0.8926794 0.5520293 0.8432215 0.9691427 0.7456283 0.8976987 -0.08548946 -0.06023969
0.5816818 0.8886441 0.8886441 0.8153759 0.6427128 0.6427128 0.8886441 0.9658381 -0.09110766 0.9658381 -0.08417815 -0.09110766 0.6184942 0.04007759 0.8959527 0.9696539 -0.09110766 0.9734701 -0.0766885 -0.1387692 0.8863167 -0.05916425 0.9772694 -0.0766885 0.8114566 0.9811021 -0.1403364 -0.03002422 -0.08417815 -0.08175124 0.9621588 1 0.8872479 -0.08654333 -0.08654333 -0.08654333 -0.08654333 -0.1825565 0.8310178 -0.08654333 -0.08654333 -0.08654333 -0.08654333 0.191353 -0.03136305 0.709675 -0.1125935 -0.02198806 0.02795589 0.101994 -0.04316752 0.02789989 0.9152568 0.5453354 0.8438104 0.9696539 0.7489729 0.8987411 -0.08885172 -0.08915796
0.5198227 0.8143322 0.8143322 0.7462037 0.5860465 0.5860465 0.8143322 0.8913773 -0.09865755 0.8913773 -0.09115381 -0.09865755 0.5711631 -0.07092355 0.8213443 0.8949022 -0.09865755 0.8986997 -0.0830435 -0.1502687 0.8116933 -0.06406706 0.9022088 -0.0830435 0.9183969 0.906022 0.1837566 -0.06406706 -0.09115381 0.2591558 0.8885285 0.8872479 1 -0.09371498 -0.09371498 -0.09371498 -0.09371498 -0.2369495 0.9379568 -0.09371498 -0.09371498 -0.09371498 -0.09371498 0.1767095 -0.03955682 0.8088064 -0.04981347 0.0480696 -0.002225214 0.1419185 -0.049866 0.02458801 0.8338317 0.4849842 0.9545602 0.8949022 0.8091279 0.8259157 -0.09621466 -0.06802662
0.1424093 0.2791985 0.2791985 0.2959642 0.3491844 0.3491844 0.2791985 -0.08490784 0.9499017 -0.08490784 0.9726707 0.9499017 -0.05352654 -0.01945766 0.2791985 -0.08523522 0.9499017 -0.08490784 -0.02278273 -0.04122576 0.2568288 -0.0175766 -0.08523522 -0.02278273 0.2556508 -0.08490784 0.6166846 -0.0175766 0.9726707 -0.02428678 -0.08326843 -0.08654333 -0.09371498 1 1 1 1 -0.06500638 0.2573256 1 1 1 1 -0.01656033 -0.02278273 0.2213073 -0.006232338 -0.02500777 -0.03366365 -0.0421531 0.1148833 -0.03784621 -0.08948019 0.1715098 -0.09143512 -0.06487332 0.2071103 -0.08752312 0.8160593 0.0421531
0.1424093 0.2791985 0.2791985 0.2959642 0.3491844 0.3491844 0.2791985 -0.08490784 0.9499017 -0.08490784 0.9726707 0.9499017 -0.05352654 -0.01945766 0.2791985 -0.08523522 0.9499017 -0.08490784 -0.02278273 -0.04122576 0.2568288 -0.0175766 -0.08523522 -0.02278273 0.2556508 -0.08490784 0.6166846 -0.0175766 0.9726707 -0.02428678 -0.08326843 -0.08654333 -0.09371498 1 1 1 1 -0.06500638 0.2573256 1 1 1 1 -0.01656033 -0.02278273 0.2213073 -0.006232338 -0.02500777 -0.03366365 -0.0421531 0.1148833 -0.03784621 -0.08948019 0.1715098 -0.09143512 -0.06487332 0.2071103 -0.08752312 0.8160593 0.0421531
0.1424093 0.2791985 0.2791985 0.2959642 0.3491844 0.3491844 0.2791985 -0.08490784 0.9499017 -0.08490784 0.9726707 0.9499017 -0.05352654 -0.01945766 0.2791985 -0.08523522 0.9499017 -0.08490784 -0.02278273 -0.04122576 0.2568288 -0.0175766 -0.08523522 -0.02278273 0.2556508 -0.08490784 0.6166846 -0.0175766 0.9726707 -0.02428678 -0.08326843 -0.08654333 -0.09371498 1 1 1 1 -0.06500638 0.2573256 1 1 1 1 -0.01656033 -0.02278273 0.2213073 -0.006232338 -0.02500777 -0.03366365 -0.0421531 0.1148833 -0.03784621 -0.08948019 0.1715098 -0.09143512 -0.06487332 0.2071103 -0.08752312 0.8160593 0.0421531
0.1424093 0.2791985 0.2791985 0.2959642 0.3491844 0.3491844 0.2791985 -0.08490784 0.9499017 -0.08490784 0.9726707 0.9499017 -0.05352654 -0.01945766 0.2791985 -0.08523522 0.9499017 -0.08490784 -0.02278273 -0.04122576 0.2568288 -0.0175766 -0.08523522 -0.02278273 0.2556508 -0.08490784 0.6166846 -0.0175766 0.9726707 -0.02428678 -0.08326843 -0.08654333 -0.09371498 1 1 1 1 -0.06500638 0.2573256 1 1 1 1 -0.01656033 -0.02278273 0.2213073 -0.006232338 -0.02500777 -0.03366365 -0.0421531 0.1148833 -0.03784621 -0.08948019 0.1715098 -0.09143512 -0.06487332 0.2071103 -0.08752312 0.8160593 0.0421531
-0.2240587 -0.2240587 -0.2240587 -0.20155 -0.1661842 -0.1661842 -0.2240587 -0.2146815 -0.06843485 -0.2146815 -0.0632298 -0.06843485 -0.1353368 0.2993192 -0.2240587 -0.2063674 -0.06843485 -0.2146815 -0.057604 -0.1042355 -0.217848 -0.04444079 -0.2155092 0.3504692 -0.254278 -0.2146815 -0.1054127 -0.04444079 -0.0632298 -0.06140684 -0.2105364 -0.1825565 -0.2369495 -0.06500638 -0.06500638 -0.06500638 -0.06500638 1 -0.2526231 -0.06500638 -0.06500638 -0.06500638 -0.06500638 -0.04187123 -0.00319424 -0.1409092 0.02145232 -0.03834497 0.2352108 0.001280669 -0.02106412 0.07378012 -0.1906261 0.4154617 -0.213575 -0.2063674 -0.2004051 -0.2122844 -0.06674031 0.01412802
0.554137 0.8876285 0.8876285 0.8273425 0.6904302 0.6904302 0.8876285 0.8355954 0.2350799 0.8355954 0.250293 0.2350799 0.5357263 -0.07561495 0.8944344 0.8389027 0.2350799 0.8427024 -0.0885366 -0.1602086 0.8772761 -0.06830491 0.8459944 -0.0885366 0.980432 0.8498095 0.3931355 -0.06830491 0.250293 0.2430769 0.8334013 0.8310178 0.9379568 0.2573256 0.2573256 0.2573256 0.2573256 -0.2526231 1 0.2573256 0.2573256 0.2573256 0.2573256 0.1657459 -0.04632858 0.8621025 -0.0505194 0.03794634 -0.01388433 0.1230642 -0.008387634 0.01068376 0.7781493 0.5304581 0.8946471 0.8459944 0.85747 0.7711477 0.1908356 -0.0513451
0.1424093 0.2791985 0.2791985 0.2959642 0.3491844 0.3491844 0.2791985 -0.08490784 0.9499017 -0.08490784 0.9726707 0.9499017 -0.05352654 -0.01945766 0.2791985 -0.08523522 0.9499017 -0.08490784 -0.02278273 -0.04122576 0.2568288 -0.0175766 -0.08523522 -0.02278273 0.2556508 -0.08490784 0.6166846 -0.0175766 0.9726707 -0.02428678 -0.08326843 -0.08654333 -0.09371498 1 1 1 1 -0.06500638 0.2573256 1 1 1 1 -0.01656033 -0.02278273 0.2213073 -0.006232338 -0.02500777 -0.03366365 -0.0421531 0.1148833 -0.03784621 -0.08948019 0.1715098 -0.09143512 -0.06487332 0.2071103 -0.08752312 0.8160593 0.0421531
0.1424093 0.2791985 0.2791985 0.2959642 0.3491844 0.3491844 0.2791985 -0.08490784 0.9499017 -0.08490784 0.9726707 0.9499017 -0.05352654 -0.01945766 0.2791985 -0.08523522 0.9499017 -0.08490784 -0.02278273 -0.04122576 0.2568288 -0.0175766 -0.08523522 -0.02278273 0.2556508 -0.08490784 0.6166846 -0.0175766 0.9726707 -0.02428678 -0.08326843 -0.08654333 -0.09371498 1 1 1 1 -0.06500638 0.2573256 1 1 1 1 -0.01656033 -0.02278273 0.2213073 -0.006232338 -0.02500777 -0.03366365 -0.0421531 0.1148833 -0.03784621 -0.08948019 0.1715098 -0.09143512 -0.06487332 0.2071103 -0.08752312 0.8160593 0.0421531
0.1424093 0.2791985 0.2791985 0.2959642 0.3491844 0.3491844 0.2791985 -0.08490784 0.9499017 -0.08490784 0.9726707 0.9499017 -0.05352654 -0.01945766 0.2791985 -0.08523522 0.9499017 -0.08490784 -0.02278273 -0.04122576 0.2568288 -0.0175766 -0.08523522 -0.02278273 0.2556508 -0.08490784 0.6166846 -0.0175766 0.9726707 -0.02428678 -0.08326843 -0.08654333 -0.09371498 1 1 1 1 -0.06500638 0.2573256 1 1 1 1 -0.01656033 -0.02278273 0.2213073 -0.006232338 -0.02500777 -0.03366365 -0.0421531 0.1148833 -0.03784621 -0.08948019 0.1715098 -0.09143512 -0.06487332 0.2071103 -0.08752312 0.8160593 0.0421531
0.1424093 0.2791985 0.2791985 0.2959642 0.3491844 0.3491844 0.2791985 -0.08490784 0.9499017 -0.08490784 0.9726707 0.9499017 -0.05352654 -0.01945766 0.2791985 -0.08523522 0.9499017 -0.08490784 -0.02278273 -0.04122576 0.2568288 -0.0175766 -0.08523522 -0.02278273 0.2556508 -0.08490784 0.6166846 -0.0175766 0.9726707 -0.02428678 -0.08326843 -0.08654333 -0.09371498 1 1 1 1 -0.06500638 0.2573256 1 1 1 1 -0.01656033 -0.02278273 0.2213073 -0.006232338 -0.02500777 -0.03366365 -0.0421531 0.1148833 -0.03784621 -0.08948019 0.1715098 -0.09143512 -0.06487332 0.2071103 -0.08752312 0.8160593 0.0421531
0.06026031 0.1798344 0.1798344 0.1906334 0.224913 0.224913 0.1798344 0.1950389 -0.01743373 0.1950389 -0.01610775 -0.01743373 -0.03447696 -0.01253287 0.1798344 0.1942897 -0.01743373 0.1950389 -0.01467458 -0.02655391 0.1779464 -0.01132126 0.1942897 -0.01467458 0.1646671 0.1950389 -0.0268538 -0.01132126 -0.01610775 -0.01564335 0.1988788 0.191353 0.1767095 -0.01656033 -0.01656033 -0.01656033 -0.01656033 -0.04187123 0.1657459 -0.01656033 -0.01656033 -0.01656033 -0.01656033 1 -0.01467458 0.05145187 -0.02655391 -0.01610775 0.04251917 0.02535037 -0.01309892 -0.02437711 0.1850726 0.1214863 -0.05889424 0.1942897 0.1541201 0.1892109 -0.01700205 -0.1303535
-0.03773299 -0.03773299 -0.03773299 -0.03174597 -0.01528987 -0.01528987 -0.03773299 -0.02943093 -0.0239843 -0.02943093 -0.02216009 -0.0239843 -0.04743139 -0.01724199 -0.03773299 -0.02981977 -0.0239843 -0.02943093 -0.02018843 -0.03653132 -0.03882967 0.6840365 -0.02981977 0.1158367 -0.04702914 -0.02943093 -0.03694389 0.2467792 -0.02216009 -0.0215212 -0.02746753 -0.03136305 -0.03955682 -0.02278273 -0.02278273 -0.02278273 -0.02278273 -0.00319424 -0.04632858 -0.02278273 -0.02278273 -0.02278273 -0.02278273 -0.01467458 1 -0.02446043 -0.03653132 0.1644771 0.01727673 0.0396908 -0.01802073 0.05119921 -0.03477054 -0.04401187 -0.03699772 -0.02981977 -0.05736191 -0.03250845 0.153909 -0.0396908
0.4840548 0.770738 0.770738 0.7133007 0.5863268 0.5863268 0.770738 0.7128534 0.2367604 0.7128534 0.2325817 0.2367604 0.5392563 -0.07511997 0.7775637 0.7164589 0.2367604 0.7199812 -0.08795704 -0.1347134 0.7678279 -0.06785779 0.7235713 0.1871949 0.8560118 0.7271089 0.3716071 -0.06785779 0.2325817 0.2048619 0.7091623 0.709675 0.8088064 0.2213073 0.2213073 0.2213073 0.2213073 -0.1409092 0.8621025 0.2213073 0.2213073 0.2213073 0.2213073 0.05145187 -0.02446043 1 -0.03692766 0.058337 0.03129214 0.01708058 -0.007664347 -0.05381808 0.6520878 0.5131227 0.7978616 0.7235713 0.7595589 0.6574522 0.1555788 -0.02906862
0.1563472 -0.1096569 -0.1096569 -0.1001104 -0.07478848 -0.07478848 -0.1096569 -0.1096922 -0.01006951 -0.1096922 -0.004171064 -0.01006951 -0.04940153 -0.03119968 -0.1096569 -0.1102742 -0.01006951 -0.1096922 0.5526334 -0.04342101 -0.1114236 -0.02818347 -0.1102742 -0.03653132 -0.05188221 -0.1096922 0.09037875 -0.02818347 -0.004171064 0.1088357 -0.1067685 -0.1125935 -0.04981347 -0.006232338 -0.006232338 -0.006232338 -0.006232338 0.02145232 -0.0505194 -0.006232338 -0.006232338 -0.006232338 -0.006232338 -0.02655391 -0.03653132 -0.03692766 1 0.103613 -0.0539785 -0.0008511245 0.01121652 0.03718575 0.04935249 0.1361526 -0.05762553 -0.1102742 -0.07984633 -0.1143246 -0.04232539 0.0008511245
-0.04944341 -0.04944341 -0.04944341 -0.06380862 -0.04876995 -0.04876995 -0.04944341 -0.04068561 -0.02632669 -0.04068561 -0.02432432 -0.02632669 -0.0520637 -0.0189259 -0.04944341 -0.04109436 -0.02632669 -0.04068561 -0.02216009 -0.04009909 -0.05060496 -0.01709625 -0.04109436 -0.02216009 0.03692376 -0.04068561 0.1373322 0.3028779 -0.02432432 -0.02362304 -0.03862387 -0.02198806 0.0480696 -0.02500777 -0.02500777 -0.02500777 -0.02500777 -0.03834497 0.03794634 -0.02500777 -0.02500777 -0.02500777 -0.02500777 -0.01610775 0.1644771 0.058337 0.103613 1 -0.03274365 -0.005764324 0.1190505 0.04069759 -0.06667292 -0.06235669 0.03187679 -0.04109436 0.0345868 -0.002718109 0.1365044 0.04100108
0.01615383 0.01615383 0.01615383 -0.004091748 -0.02720563 -0.02720563 0.01615383 0.01573837 0.00453536 0.01573837 -0.03274365 0.00453536 -0.07008439 0.1391084 0.01615383 0.01503617 0.00453536 0.01573837 -0.02983032 -0.0539785 0.0141549 -0.02301373 0.01503617 0.252812 -0.0004999467 0.01573837 -0.02764945 -0.02301373 -0.03274365 -0.03179963 0.01929974 0.02795589 -0.002225214 -0.03366365 -0.03366365 -0.03366365 -0.03366365 0.2352108 -0.01388433 -0.03366365 -0.03366365 -0.03366365 -0.03366365 0.04251917 0.01727673 0.03129214 -0.0539785 -0.03274365 1 -0.00183037 -0.02662735 0.009136429 0.02160136 0.1671864 -0.01299376 0.01503617 0.02091061 0.01020839 -0.03456157 -0.05153196
0.07263773 0.08506088 0.08506088 0.08814616 0.1197855 0.1197855 0.08506088 0.1072736 -0.04437627 0.1072736 -0.04100108 -0.04437627 -0.01630745 -0.03190149 0.08506088 0.1062056 -0.04437627 0.1072736 -0.03735306 0.06588878 0.08221662 -0.02881743 0.1191504 0.001168871 0.1211718 0.1072736 0.0417915 -0.02881743 -0.04100108 0.03264871 0.1127093 0.101994 0.1419185 -0.0421531 -0.0421531 -0.0421531 -0.0421531 0.001280669 0.1230642 -0.0421531 -0.0421531 -0.0421531 -0.0421531 0.02535037 0.0396908 0.01708058 -0.0008511245 -0.005764324 -0.00183037 1 -0.03334234 0.1779193 0.09284713 0.05917907 0.1493188 0.1062056 0.09185701 0.09889619 -0.04327746 0.003655623
0.04952779 0.02505448 0.02505448 0.03222569 0.02536968 0.02536968 0.02505448 -0.04160449 0.171782 -0.04160449 0.0496349 0.171782 -0.04233853 -0.01539066 0.02505448 -0.04191853 0.171782 -0.04160449 0.05786657 -0.03260884 -0.0005781017 -0.01390278 -0.04191853 -0.01802073 0.01437314 -0.04160449 0.09721379 -0.01390278 0.0496349 -0.01921041 -0.04002284 -0.04316752 -0.049866 0.1148833 0.1148833 0.1148833 0.1148833 -0.02106412 -0.008387634 0.1148833 0.1148833 0.1148833 0.1148833 -0.01309892 -0.01802073 -0.007664347 0.01121652 0.1190505 -0.02662735 -0.03334234 1 0.159158 -0.04593966 -0.000734638 -0.04776205 -0.01641753 0.003335899 0.08156316 0.1110063 0.03334234
0.014745 0.00108154 0.00108154 0.02709894 0.06277275 0.06277275 0.00108154 0.01769378 -0.03984223 0.01769378 -0.03681189 -0.03984223 -0.0394997 -0.02864203 0.00108154 0.01690434 -0.03984223 0.01769378 -0.0335366 -0.01174966 0.02610724 -0.02587308 0.01690434 -0.0335366 0.009269712 0.01769378 -0.01291336 0.08308133 -0.03681189 0.04395219 0.02169764 0.02789989 0.02458801 -0.03784621 -0.03784621 -0.03784621 -0.03784621 0.07378012 0.01068376 -0.03784621 -0.03784621 -0.03784621 -0.03784621 -0.02437711 0.05119921 -0.05381808 0.03718575 0.04069759 0.009136429 0.1779193 0.159158 1 0.02081852 0.06240569 0.02995806 0.01690434 0.006208111 0.1096954 -0.002039924 -0.009940684
0.6199351 0.8209419 0.8209419 0.7561683 0.5939591 0.5939591 0.8209419 0.8964259 -0.09419942 0.8964259 -0.08703476 -0.09419942 0.57755 0.0100552 0.8281207 0.9001977 -0.09419942 0.9039224 0.1655712 -0.1434784 0.8186747 -0.061172 0.907678 -0.07929094 0.7588808 0.9114188 -0.1196393 -0.061172 -0.08703476 -0.04264946 0.8926794 0.9152568 0.8338317 -0.08948019 -0.08948019 -0.08948019 -0.08948019 -0.1906261 0.7781493 -0.08948019 -0.08948019 -0.08948019 -0.08948019 0.1850726 -0.03477054 0.6520878 0.04935249 -0.06667292 0.02160136 0.09284713 -0.04593966 0.02081852 1 0.5559058 0.8057073 0.9151583 0.698227 0.8454316 -0.09186692 -0.1054552
0.5084064 0.6012612 0.6012612 0.5606824 0.4555544 0.4555544 0.6012612 0.5517761 0.1822699 0.5517761 0.1834565 0.1822699 0.3926697 0.05332144 0.6074515 0.5607813 0.1822699 0.5582403 0.1671337 -0.2074902 0.602662 -0.09318963 0.5607813 0.1479386 0.5417773 0.5647045 0.03142462 -0.09318963 0.1834565 -0.09265655 0.5520293 0.5453354 0.4849842 0.1715098 0.1715098 0.1715098 0.1715098 0.4154617 0.5304581 0.1715098 0.1715098 0.1715098 0.1715098 0.1214863 -0.04401187 0.5131227 0.1361526 -0.06235669 0.1671864 0.05917907 -0.000734638 0.06240569 0.5559058 1 0.4533246 0.5607813 0.5083241 0.4958583 0.1269235 -0.08092301
0.5101929 0.7728566 0.7728566 0.7011983 0.5384889 0.5384889 0.7728566 0.8470689 -0.09625745 0.8470689 -0.08893626 -0.09625745 0.5854046 -0.06919815 0.7799556 0.8508251 -0.09625745 0.854482 -0.08102325 -0.146613 0.770652 -0.06250846 0.8582222 -0.05901048 0.8751276 0.861895 0.1790253 -0.06250846 -0.08893626 0.2656176 0.8432215 0.8438104 0.9545602 -0.09143512 -0.09143512 -0.09143512 -0.09143512 -0.213575 0.8946471 -0.09143512 -0.09143512 -0.09143512 -0.09143512 -0.05889424 -0.03699772 0.7978616 -0.05762553 0.03187679 -0.01299376 0.1493188 -0.04776205 0.02995806 0.8057073 0.4533246 1 0.8656193 0.7952189 0.7968333 -0.09387399 -0.03710765
0.6012943 0.9034876 0.9034876 0.8291842 0.6624 0.6624 0.9034876 0.9730691 -0.07033628 0.9730691 -0.08290579 -0.07033628 0.6279862 -0.06450606 0.9108581 0.9769598 -0.07033628 0.9807658 -0.07552934 -0.1366717 0.8938863 -0.05826998 0.9846399 -0.07552934 0.8263194 0.9884624 -0.1251455 -0.05826998 -0.08290579 -0.08051557 0.9691427 0.9696539 0.8949022 -0.06487332 -0.06487332 -0.06487332 -0.06487332 -0.2063674 0.8459944 -0.06487332 -0.06487332 -0.06487332 -0.06487332 0.1942897 -0.02981977 0.7235713 -0.1102742 -0.04109436 0.01503617 0.1062056 -0.01641753 0.01690434 0.9151583 0.5607813 0.8656193 1 0.7699176 0.9208768 -0.06764895 -0.09326078
0.5309967 0.8032726 0.8032726 0.7678294 0.6566848 0.6566848 0.8032726 0.7509208 0.2259719 0.7509208 0.2174947 0.2259719 0.4723932 -0.04209003 0.8104378 0.7549856 0.2259719 0.758403 -0.07957976 -0.144001 0.8010664 -0.06139482 0.7624516 -0.05736191 0.8517381 0.7658852 0.2990657 -0.06139482 0.2174947 0.1032502 0.7456283 0.7489729 0.8091279 0.2071103 0.2071103 0.2071103 0.2071103 -0.2004051 0.85747 0.2071103 0.2071103 0.2071103 0.2071103 0.1541201 -0.05736191 0.7595589 -0.07984633 0.0345868 0.02091061 0.09185701 0.003335899 0.006208111 0.698227 0.5083241 0.7952189 0.7699176 1 0.7096898 0.1973928 -0.04152076
0.5509281 0.8342215 0.8342215 0.7603517 0.6096448 0.6096448 0.8342215 0.9094365 -0.09213913 0.9094365 -0.08513117 -0.09213913 0.5593476 -0.06623755 0.8342215 0.9057388 -0.09213913 0.9094365 -0.07755672 -0.1403403 0.8248547 -0.05983407 0.9133078 -0.07755672 0.7518074 0.9170218 -0.1419252 -0.05983407 -0.08513117 -0.08267678 0.8976987 0.8987411 0.8259157 -0.08752312 -0.08752312 -0.08752312 -0.08752312 -0.2122844 0.7711477 -0.08752312 -0.08752312 -0.08752312 -0.08752312 0.1892109 -0.03250845 0.6574522 -0.1143246 -0.002718109 0.01020839 0.09889619 0.08156316 0.1096954 0.8454316 0.4958583 0.7968333 0.9208768 0.7096898 1 -0.08985764 -0.09889619
0.09605143 0.2104079 0.2104079 0.2252494 0.2716798 0.2716798 0.2104079 -0.0871726 0.7746333 -0.0871726 0.7852212 0.7746333 -0.05495427 -0.01997666 0.2104079 -0.08750872 0.7746333 -0.0871726 -0.02339042 -0.04232539 0.1888407 -0.01804543 -0.08750872 -0.02339042 0.1893257 -0.0871726 0.4979462 0.2099285 0.7852212 -0.02493459 -0.08548946 -0.08885172 -0.09621466 0.8160593 0.8160593 0.8160593 0.8160593 -0.06674031 0.1908356 0.8160593 0.8160593 0.8160593 0.8160593 -0.01700205 0.153909 0.1555788 -0.04232539 0.1365044 -0.03456157 -0.04327746 0.1110063 -0.002039924 -0.09186692 0.1269235 -0.09387399 -0.06764895 0.1973928 -0.08985764 1 0.04327746
0.001901168 -0.07263773 -0.07263773 -0.08814616 0.03583488 0.03583488 -0.07263773 -0.09430084 0.04437627 -0.09430084 0.04100108 0.04437627 -0.0372809 -0.05782515 -0.07263773 -0.09326078 0.04437627 -0.09430084 -0.001168871 0.0008511245 -0.06985885 0.02881743 -0.09326078 -0.0396908 -0.04965747 -0.09430084 0.06835438 0.02881743 0.04100108 0.03981899 -0.06023969 -0.08915796 -0.06802662 0.0421531 0.0421531 0.0421531 0.0421531 0.01412802 -0.0513451 0.0421531 0.0421531 0.0421531 0.0421531 -0.1303535 -0.0396908 -0.02906862 0.0008511245 0.04100108 -0.05153196 0.003655623 0.03334234 -0.009940684 -0.1054552 -0.08092301 -0.03710765 -0.09326078 -0.04152076 -0.09889619 0.04327746 1
