1 0.07970939 -0.7557029 0.2051859 0.06095214 0.008273321 -0.5093243 -0.09213913 0.08797573 -0.09655804 -0.07755672 -0.6533294 -0.5120934 0.08103613 -0.824434 0.08339597 0.08103613 -0.02567631 -0.7157268 -0.2720938
0.07970939 1 0.2308052 0.05853261 0.5374978 0.5226356 0.1224591 0.04437627 0.7206379 0.04650452 0.03735306 0.1733679 0.1238202 0.7583971 0.2241096 0.7452422 0.7583971 0.02715122 0.2111897 0.1033826
-0.7557029 0.2308052 1 -0.1183571 0.1361108 0.1612948 0.5645983 0.1128024 0.2828946 0.1182123 0.09494968 0.6214236 0.5737175 0.2945897 0.7993803 0.2999677 0.2945897 0.01312504 0.6751224 0.1557049
0.2051859 0.05853261 -0.1183571 1 0.05599532 -0.01671276 -0.02169193 -0.06839706 0.09743259 -0.01717795 0.04145894 -0.14829 -0.02444046 0.09140891 -0.1451057 0.09345176 0.09140891 -0.0223525 -0.120781 -0.1273999
0.06095214 0.5374978 0.1361108 0.05599532 1 0.8255009 0.06481515 0.06880676 0.4769335 0.02809954 0.05791705 0.06655603 0.0442901 0.5065921 0.1662592 0.4962828 0.5065921 0.04209878 0.2623464 0.09358706
0.008273321 0.5226356 0.1612948 -0.01671276 0.8255009 1 0.06648634 0.07065376 0.4461573 0.07404225 0.05947173 0.1045501 0.06126802 0.4746464 0.2086833 0.4647467 0.4746464 0.04322885 0.2835573 0.1195672
-0.5093243 0.1224591 0.5645983 -0.02169193 0.06481515 0.06648634 1 0.1765506 0.1944336 0.1850178 -0.1358495 0.4017699 0.978868 0.1974333 0.5666434 0.2007305 0.1974333 -0.07290045 0.4605249 -0.5034047
-0.09213913 0.04437627 0.1128024 -0.06839706 0.06880676 0.07065376 0.1765506 1 -0.002254242 -0.02986044 -0.0239843 0.06423507 0.1756197 0.03485696 0.1072525 0.03543909 0.03485696 -0.01743373 0.06874576 -0.09110766
0.08797573 0.7206379 0.2828946 0.09743259 0.4769335 0.4461573 0.1944336 -0.002254242 1 0.03833455 0.03079083 0.2667949 0.1827773 0.9528915 0.3129042 0.9688053 0.9528915 0.02238126 0.2512473 0.1169632
-0.09655804 0.04650452 0.1182123 -0.01717795 0.02809954 0.07404225 0.1850178 -0.02986044 0.03833455 1 -0.02513457 0.1369274 0.1840423 0.03652867 0.09540451 0.03713872 0.03652867 -0.01826983 0.1255804 -0.09547711
-0.07755672 0.03735306 0.09494968 0.04145894 0.05791705 0.05947173 -0.1358495 -0.0239843 0.03079083 -0.02513457 1 0.1099819 -0.1365695 0.02934032 0.09027814 0.02983032 0.02934032 -0.01467458 0.08080019 0.2632523
-0.6533294 0.1733679 0.6214236 -0.14829 0.06655603 0.1045501 0.4017699 0.06423507 0.2667949 0.1369274 0.1099819 1 0.4003128 0.2667741 0.7546103 0.2712293 0.2667741 0.05327236 0.6168752 0.306927
-0.5120934 0.1238202 0.5737175 -0.02444046 0.0442901 0.06126802 0.978868 0.1756197 0.1827773 0.1840423 -0.1365695 0.4003128 1 0.1984798 0.5757062 0.2017945 0.1984798 -0.07342962 0.4529829 -0.5124604
0.08103613 0.7583971 0.2945897 0.09140891 0.5065921 0.4746464 0.1974333 0.03485696 0.9528915 0.03652867 0.02934032 0.2667741 0.1984798 1 0.3249992 0.9835738 1 0.02132691 0.2626548 0.1114532
-0.824434 0.2241096 0.7993803 -0.1451057 0.1662592 0.2086833 0.5666434 0.1072525 0.3129042 0.09540451 0.09027814 0.7546103 0.5757062 0.3249992 1 0.3304268 0.3249992 0.03710019 0.7962196 0.294122
0.08339597 0.7452422 0.2999677 0.09345176 0.4962828 0.4647467 0.2007305 0.03543909 0.9688053 0.03713872 0.02983032 0.2712293 0.2017945 0.9835738 0.3304268 1 0.9835738 0.02168308 0.267938 0.1133146
0.08103613 0.7583971 0.2945897 0.09140891 0.5065921 0.4746464 0.1974333 0.03485696 0.9528915 0.03652867 0.02934032 0.2667741 0.1984798 1 0.3249992 0.9835738 1 0.02132691 0.2626548 0.1114532
-0.02567631 0.02715122 0.01312504 -0.0223525 0.04209878 0.04322885 -0.07290045 -0.01743373 0.02238126 -0.01826983 -0.01467458 0.05327236 -0.07342962 0.02132691 0.03710019 0.02168308 0.02132691 1 0.04596864 0.1295789
-0.7157268 0.2111897 0.6751224 -0.120781 0.2623464 0.2835573 0.4605249 0.06874576 0.2512473 0.1255804 0.08080019 0.6168752 0.4529829 0.2626548 0.7962196 0.267938 0.2626548 0.04596864 1 0.3096053
-0.2720938 0.1033826 0.1557049 -0.1273999 0.09358706 0.1195672 -0.5034047 -0.09110766 0.1169632 -0.09547711 0.2632523 0.306927 -0.5124604 0.1114532 0.294122 0.1133146 0.1114532 0.1295789 0.3096053 1
