1 0.2969318 0.2741564 0.2741564 1 0.9466961 0.262574 0.262574 0.2719575 0.03215976 0.9686069 0.2969318 0.2289584 0.873113 0.4845459 0.02424515 0.1136308 0.03413334 0.9041057 0.2640482 0.03215976 0.2876262 0.2647859 0.9836274 0.2647859 0.9836274 0.231 0.2047875 0.2224871 0.04113315 0.1871299 0.2332476 0.8317359 0.08002712 0.2356294 0.2357778 0.2401265 0.05984413 0.2511957 0.8684038 0.2464676 0.03215976 0.2386588 -0.008773909
0.2969318 1 -0.7969657 -0.7969657 0.2969318 0.3136506 -0.7612233 -0.7612233 -0.790187 -0.09848559 0.3065555 1 -0.6679507 0.2836288 0.2308534 0.06435669 0.06472337 -0.03136849 0.2794919 -0.7680634 -0.07263654 0.9629772 -0.7703363 0.2876262 -0.7703363 0.2876262 0.9285931 -0.7963591 0.9259544 -0.1259656 0.819971 0.904996 0.2494248 -0.1045037 -0.6172853 0.8917219 -0.736237 -0.09775307 0.9021694 0.2246534 0.8862932 -0.02093842 -0.6943212 -0.08014247
0.2741564 -0.7969657 1 1 0.2741564 0.2895929 0.9577526 0.9577526 0.9919794 0.1173044 0.283042 -0.7969657 0.8351379 0.2150352 0.04653033 -0.05137862 -0.001224795 0.05083149 0.2894352 0.9597668 0.09127491 -0.7703363 0.9624585 0.2647859 0.9624585 0.2647859 -0.8053958 0.9168137 -0.8076175 0.1500353 -0.7208369 -0.7642846 0.1797747 0.1780511 0.7820793 -0.7496041 0.8980319 0.1321749 -0.7512667 0.22686 -0.7379322 -0.03887254 0.8603966 0.07538871
0.2741564 -0.7969657 1 1 0.2741564 0.2895929 0.9577526 0.9577526 0.9919794 0.1173044 0.283042 -0.7969657 0.8351379 0.2150352 0.04653033 -0.05137862 -0.001224795 0.05083149 0.2894352 0.9597668 0.09127491 -0.7703363 0.9624585 0.2647859 0.9624585 0.2647859 -0.8053958 0.9168137 -0.8076175 0.1500353 -0.7208369 -0.7642846 0.1797747 0.1780511 0.7820793 -0.7496041 0.8980319 0.1321749 -0.7512667 0.22686 -0.7379322 -0.03887254 0.8603966 0.07538871
1 0.2969318 0.2741564 0.2741564 1 0.9466961 0.262574 0.262574 0.2719575 0.03215976 0.9686069 0.2969318 0.2289584 0.873113 0.4845459 0.02424515 0.1136308 0.03413334 0.9041057 0.2640482 0.03215976 0.2876262 0.2647859 0.9836274 0.2647859 0.9836274 0.231 0.2047875 0.2224871 0.04113315 0.1871299 0.2332476 0.8317359 0.08002712 0.2356294 0.2357778 0.2401265 0.05984413 0.2511957 0.8684038 0.2464676 0.03215976 0.2386588 -0.008773909
0.9466961 0.3136506 0.2895929 0.2895929 0.9466961 1 0.2773583 0.2773583 0.2872702 0.03397052 0.977379 0.3136506 0.24185 0.8241213 0.4438339 0.02843975 0.1213573 0.03605522 0.95654 0.2798522 0.03397052 0.3047509 0.280631 0.9310376 0.280631 0.9310376 0.2505161 0.222884 0.2424528 0.04344916 0.2052047 0.2519686 0.7855348 0.09069287 0.2488965 0.2555586 0.2564641 0.06321367 0.2699879 0.820294 0.2649974 -0.09651759 0.254916 -0.004980601
0.262574 -0.7612233 0.9577526 0.9577526 0.262574 0.2773583 1 1 0.9546904 0.1224788 0.2710842 -0.7612233 0.8102772 0.2013922 0.06144774 -0.04447746 -0.02972467 0.05585191 0.2767814 0.9225305 0.09628272 -0.7344234 0.9199709 0.2531435 0.9199709 0.2531435 -0.7698152 0.8733761 -0.7719433 0.1566535 -0.6893332 -0.7294005 0.1765095 0.1631698 0.7416096 -0.7237294 0.8649006 0.1412525 -0.7151236 0.2142239 -0.7023488 -0.03469772 0.8159286 0.05585191
0.262574 -0.7612233 0.9577526 0.9577526 0.262574 0.2773583 1 1 0.9546904 0.1224788 0.2710842 -0.7612233 0.8102772 0.2013922 0.06144774 -0.04447746 -0.02972467 0.05585191 0.2767814 0.9225305 0.09628272 -0.7344234 0.9199709 0.2531435 0.9199709 0.2531435 -0.7698152 0.8733761 -0.7719433 0.1566535 -0.6893332 -0.7294005 0.1765095 0.1631698 0.7416096 -0.7237294 0.8649006 0.1412525 -0.7151236 0.2142239 -0.7023488 -0.03469772 0.8159286 0.05585191
0.2719575 -0.790187 0.9919794 0.9919794 0.2719575 0.2872702 0.9546904 0.9546904 1 0.1182529 0.2807718 -0.790187 0.830732 0.2124604 0.04155276 -0.05008427 0.002030073 0.05176063 0.2870343 0.95705 0.09219598 -0.7635295 0.9543984 0.2625771 0.9543984 0.2625771 -0.7986461 0.9085829 -0.80085 0.1512484 -0.7148595 -0.7576706 0.186613 0.1677451 0.7723459 -0.7426742 0.8897066 0.1338493 -0.7444197 0.2244712 -0.7311915 -0.03808842 0.8519815 0.07634369
0.03215976 -0.09848559 0.1173044 0.1173044 0.03215976 0.03397052 0.1224788 0.1224788 0.1182529 1 0.03320207 -0.09848559 -0.04889017 0.03621609 -0.0495723 -0.01743373 -0.04209878 -0.01132126 0.03497899 0.1176195 -0.01066667 -0.09848559 0.1173044 0.03215976 0.1173044 0.03215976 -0.09822546 0.1188906 -0.09848559 -0.01364294 -0.0870899 -0.09591151 0.03294346 0.05575554 0.02916578 -0.09979571 0.1198554 -0.01984895 -0.09874635 0.03397052 -0.09719106 -0.01066667 0.1205043 -0.01132126
0.9686069 0.3065555 0.283042 0.283042 0.9686069 0.977379 0.2710842 0.2710842 0.2807718 0.03320207 1 0.3065555 0.2363791 0.8442764 0.4606707 0.02667799 0.118087 0.03523961 0.934298 0.2731514 0.03320207 0.2974896 0.2739128 0.952656 0.2739128 0.952656 0.242276 0.2152468 0.234028 0.04246629 0.197583 0.24406 0.8045388 0.08620647 0.2432662 0.2472062 0.249549 0.06178371 0.262043 0.8400822 0.2571639 0.03320207 0.2480351 -0.00656262
0.2969318 1 -0.7969657 -0.7969657 0.2969318 0.3136506 -0.7612233 -0.7612233 -0.790187 -0.09848559 0.3065555 1 -0.6679507 0.2836288 0.2308534 0.06435669 0.06472337 -0.03136849 0.2794919 -0.7680634 -0.07263654 0.9629772 -0.7703363 0.2876262 -0.7703363 0.2876262 0.9285931 -0.7963591 0.9259544 -0.1259656 0.819971 0.904996 0.2494248 -0.1045037 -0.6172853 0.8917219 -0.736237 -0.09775307 0.9021694 0.2246534 0.8862932 -0.02093842 -0.6943212 -0.08014247
0.2289584 -0.6679507 0.8351379 0.8351379 0.2289584 0.24185 0.8102772 0.8102772 0.830732 -0.04889017 0.2363791 -0.6679507 1 0.2135757 0.2480445 -0.03990613 0.01660929 0.0725204 0.2490297 0.8095047 0.08636074 -0.6402771 0.8072711 0.2289584 0.8072711 0.2289584 -0.6716299 0.7850137 -0.6734855 0.1370713 -0.6032014 -0.6440277 0.1486079 0.2374491 0.6614748 -0.6164467 0.7415028 0.1569749 -0.6200047 0.1859704 -0.6088624 -0.02183999 0.7012765 0.02148004
0.873113 0.2836288 0.2150352 0.2150352 0.873113 0.8241213 0.2013922 0.2013922 0.2124604 0.03621609 0.8442764 0.2836288 0.2135757 1 0.5385276 0.03345045 0.0462422 0.0384386 0.7850738 0.1971336 0.03621609 0.2836288 0.1979987 0.8582296 0.1979987 0.8582296 0.2319773 0.1424803 0.2244144 0.0463213 0.2013922 0.2324434 0.7345239 0.09229567 0.1599881 0.2373766 0.1740133 0.04459741 0.2506877 0.8241213 0.2622667 0.03621609 0.1722821 -0.0005660302
0.4845459 0.2308534 0.04653033 0.04653033 0.4845459 0.4438339 0.06144774 0.06144774 0.04155276 -0.0495723 0.4606707 0.2308534 0.2480445 0.5385276 1 -0.1969313 0.03042119 -0.01208421 0.4130118 0.02716305 -0.02093221 0.2367135 0.02882748 0.4742355 0.02882748 0.4742355 0.1999169 0.008672314 0.1956931 0.060579 0.203977 0.1910987 0.4058257 0.04560207 0.03214502 0.2097506 0.009564693 0.08935036 0.2207685 0.4438339 0.2285663 0.03634798 0.0002891275 -0.03910437
0.02424515 0.06435669 -0.05137862 -0.05137862 0.02424515 0.02843975 -0.04447746 -0.04447746 -0.05008427 -0.01743373 0.02667799 0.06435669 -0.03990613 0.03345045 -0.1969313 1 0.1151633 0.1299168 0.03071408 -0.03473472 0.06122559 0.04826221 -0.0351718 0.02424515 -0.0351718 0.02424515 0.04871439 -0.03298577 0.04826221 -0.02229818 -0.01185635 0.05280591 0.02607915 0.05114451 -0.04420888 0.04600789 -0.03167315 0.01092822 0.03171797 0.02843975 0.0344218 -0.01743373 -0.01452955 -0.0185036
0.1136308 0.06472337 -0.001224795 -0.001224795 0.1136308 0.1213573 -0.02972467 -0.02972467 0.002030073 -0.04209878 0.118087 0.06472337 0.01660929 0.0462422 0.03042119 0.1151633 1 0.05985222 0.1380537 0.01508421 -0.005164897 0.06472337 0.01399479 0.1269269 0.01399479 0.1269269 0.05825057 0.004203945 0.06472337 -0.05384542 0.0468603 0.0453353 0.1169836 0.1349463 0.03667306 0.05930766 0.01510347 0.02348023 0.05608275 0.1213573 0.06259475 0.03176899 0.04020787 -0.009837462
0.03413334 -0.03136849 0.05083149 0.05083149 0.03413334 0.03605522 0.05585191 0.05585191 0.05176063 -0.01132126 0.03523961 -0.03136849 0.0725204 0.0384386 -0.01208421 0.1299168 0.05985222 1 0.03712558 0.02657497 -0.01132126 -0.0069815 0.02627428 0.03413334 0.02627428 0.03413334 -0.006692808 0.02778184 -0.0069815 -0.01448018 0.006423133 -0.00409252 0.03496513 0.014749 0.04361169 -0.008424721 0.02869146 -0.02106704 -0.007270167 0.03605522 -0.005537685 -0.01132126 0.02930012 -0.01201602
0.9041057 0.2794919 0.2894352 0.2894352 0.9041057 0.95654 0.2767814 0.2767814 0.2870343 0.03497899 0.934298 0.2794919 0.2490297 0.7850738 0.4130118 0.03071408 0.1380537 0.03712558 1 0.2973911 0.03497899 0.2881859 0.2981899 0.9194022 0.2981899 0.9194022 0.2264627 0.2328192 0.2273281 0.04473901 0.1886745 0.236149 0.7768326 0.09649848 0.2472616 0.2403652 0.2655015 0.06509026 0.2542736 0.810247 0.2491151 -0.09249251 0.2551209 -0.002961584
0.2640482 -0.7680634 0.9597668 0.9597668 0.2640482 0.2798522 0.9225305 0.9225305 0.95705 0.1176195 0.2731514 -0.7680634 0.8095047 0.1971336 0.02716305 -0.03473472 0.01508421 0.02657497 0.2973911 1 0.1176195 -0.794702 0.9973211 0.273422 0.9973211 0.273422 -0.8351121 0.9463126 -0.8319961 0.1504383 -0.7296392 -0.7887575 0.197369 0.1793229 0.8009509 -0.7739146 0.9275369 0.1327317 -0.7756159 0.2439925 -0.7623393 -0.03861107 0.884513 0.07570626
0.03215976 -0.07263654 0.09127491 0.09127491 0.03215976 0.03397052 0.09628272 0.09628272 0.09219598 -0.01066667 0.03320207 -0.07263654 0.08636074 0.03621609 -0.02093221 0.06122559 -0.005164897 -0.01132126 0.03497899 0.1176195 1 -0.09848559 0.1173044 0.03215976 0.1173044 0.03215976 -0.09822546 0.1188906 -0.09848559 -0.01364294 -0.0870899 -0.09591151 0.03294346 0.05575554 -0.02449359 -0.09979571 0.1198554 -0.01984895 -0.09874635 0.03397052 -0.09719106 -0.01066667 0.1205043 -0.01132126
0.2876262 0.9629772 -0.7703363 -0.7703363 0.2876262 0.3047509 -0.7344234 -0.7344234 -0.7635295 -0.09848559 0.2974896 0.9629772 -0.6402771 0.2836288 0.2367135 0.04826221 0.06472337 -0.0069815 0.2881859 -0.794702 -0.09848559 1 -0.7969657 0.2969318 -0.7969657 0.2969318 0.9603311 -0.8283717 0.9629772 -0.1259656 0.8414109 0.9420784 0.2585486 -0.1115113 -0.6502231 0.9287247 -0.7682868 -0.09775307 0.9391877 0.2246534 0.9233425 -0.02093842 -0.731743 -0.08014247
0.2647859 -0.7703363 0.9624585 0.9624585 0.2647859 0.280631 0.9199709 0.9199709 0.9543984 0.1173044 0.2739128 -0.7703363 0.8072711 0.1979987 0.02882748 -0.0351718 0.01399479 0.02627428 0.2981899 0.9973211 0.1173044 -0.7969657 1 0.2741564 1 0.2741564 -0.8373553 0.9490498 -0.834247 0.1500353 -0.7316317 -0.7909569 0.1889622 0.1851076 0.8041911 -0.7762192 0.9303054 0.1321749 -0.7778929 0.2447837 -0.7645808 -0.03887254 0.887313 0.07538871
0.9836274 0.2876262 0.2647859 0.2647859 0.9836274 0.9310376 0.2531435 0.2531435 0.2625771 0.03215976 0.952656 0.2876262 0.2289584 0.8582296 0.4742355 0.02424515 0.1269269 0.03413334 0.9194022 0.273422 0.03215976 0.2969318 0.2741564 1 0.2741564 1 0.231 0.2047875 0.2317927 0.04113315 0.1965604 0.2425682 0.8477887 0.08002712 0.2259707 0.2450784 0.2401265 0.05984413 0.2605002 0.8840622 0.2557798 0.03215976 0.2292529 -0.008773909
0.2647859 -0.7703363 0.9624585 0.9624585 0.2647859 0.280631 0.9199709 0.9199709 0.9543984 0.1173044 0.2739128 -0.7703363 0.8072711 0.1979987 0.02882748 -0.0351718 0.01399479 0.02627428 0.2981899 0.9973211 0.1173044 -0.7969657 1 0.2741564 1 0.2741564 -0.8373553 0.9490498 -0.834247 0.1500353 -0.7316317 -0.7909569 0.1889622 0.1851076 0.8041911 -0.7762192 0.9303054 0.1321749 -0.7778929 0.2447837 -0.7645808 -0.03887254 0.887313 0.07538871
0.9836274 0.2876262 0.2647859 0.2647859 0.9836274 0.9310376 0.2531435 0.2531435 0.2625771 0.03215976 0.952656 0.2876262 0.2289584 0.8582296 0.4742355 0.02424515 0.1269269 0.03413334 0.9194022 0.273422 0.03215976 0.2969318 0.2741564 1 0.2741564 1 0.231 0.2047875 0.2317927 0.04113315 0.1965604 0.2425682 0.8477887 0.08002712 0.2259707 0.2450784 0.2401265 0.05984413 0.2605002 0.8840622 0.2557798 0.03215976 0.2292529 -0.008773909
0.231 0.9285931 -0.8053958 -0.8053958 0.231 0.2505161 -0.7698152 -0.7698152 -0.7986461 -0.09822546 0.242276 0.9285931 -0.6716299 0.2319773 0.1999169 0.04871439 0.05825057 -0.006692808 0.2264627 -0.8351121 -0.09822546 0.9603311 -0.8373553 0.231 -0.8373553 0.231 1 -0.7888309 0.9973587 -0.1256329 0.8598292 0.9446534 0.2668643 -0.1313492 -0.6702692 0.9313974 -0.7714519 -0.09725796 0.9418349 0.2327143 0.9259478 -0.02066827 -0.7349199 -0.07986322
0.2047875 -0.7963591 0.9168137 0.9168137 0.2047875 0.222884 0.8733761 0.8733761 0.9085829 0.1188906 0.2152468 -0.7963591 0.7850137 0.1424803 0.008672314 -0.03298577 0.004203945 0.02778184 0.2328192 0.9463126 0.1188906 -0.8283717 0.9490498 0.2047875 0.9490498 0.2047875 -0.7888309 1 -0.7910237 0.1520641 -0.7054861 -0.7800008 0.1942548 0.1702937 0.771411 -0.7647355 0.91651 0.1349723 -0.7665476 0.2498177 -0.7534123 -0.03756612 0.8733569 0.07698424
0.2224871 0.9259544 -0.8076175 -0.8076175 0.2224871 0.2424528 -0.7719433 -0.7719433 -0.80085 -0.09848559 0.234028 0.9259544 -0.6734855 0.2244144 0.1956931 0.04826221 0.06472337 -0.0069815 0.2273281 -0.8319961 -0.09848559 0.9629772 -0.834247 0.2317927 -0.834247 0.2317927 0.9973587 -0.7910237 1 -0.1259656 0.8628508 0.9473759 0.2676724 -0.1325341 -0.6721815 0.9340109 -0.7736285 -0.09775307 0.944476 0.2335531 0.9286353 -0.02093842 -0.737089 -0.08014247
0.04113315 -0.1259656 0.1500353 0.1500353 0.04113315 0.04344916 0.1566535 0.1566535 0.1512484 -0.01364294 0.04246629 -0.1259656 0.1370713 0.0463213 0.060579 -0.02229818 -0.05384542 -0.01448018 0.04473901 0.1504383 -0.01364294 -0.1259656 0.1500353 0.04113315 0.1500353 0.04113315 -0.1256329 0.1520641 -0.1259656 1 -0.1113902 -0.1226733 0.04213552 0.07468235 -0.01548984 -0.1073066 0.1122018 -0.02538731 -0.105956 0.04344916 -0.1039497 -0.01364294 0.1541281 -0.01448018
0.1871299 0.819971 -0.7208369 -0.7208369 0.1871299 0.2052047 -0.6893332 -0.6893332 -0.7148595 -0.0870899 0.197583 0.819971 -0.6032014 0.2013922 0.203977 -0.01185635 0.0468603 0.006423133 0.1886745 -0.7296392 -0.0870899 0.8414109 -0.7316317 0.1965604 -0.7316317 0.1965604 0.8598292 -0.7054861 0.8628508 -0.1113902 1 0.8972862 0.2597264 -0.09249037 -0.5880238 0.824468 -0.6941444 -0.07539948 0.8283623 0.2232431 0.8156117 -0.008501633 -0.6576989 -0.06772004
0.2332476 0.904996 -0.7642846 -0.7642846 0.2332476 0.2519686 -0.7294005 -0.7294005 -0.7576706 -0.09591151 0.24406 0.904996 -0.6440277 0.2324434 0.1910987 0.05280591 0.0453353 -0.00409252 0.236149 -0.7887575 -0.09591151 0.9420784 -0.7909569 0.2425682 -0.7909569 0.2425682 0.9446534 -0.7800008 0.9473759 -0.1226733 0.8972862 1 0.2870793 -0.1277285 -0.6532421 0.9187215 -0.7681252 -0.09282554 0.928917 0.2430546 0.9126168 -0.01823958 -0.7316627 -0.07737118
0.8317359 0.2494248 0.1797747 0.1797747 0.8317359 0.7855348 0.1765095 0.1765095 0.186613 0.03294346 0.8045388 0.2494248 0.1486079 0.7345239 0.4058257 0.02607915 0.1169836 0.03496513 0.7768326 0.197369 0.03294346 0.2585486 0.1889622 0.8477887 0.1889622 0.8477887 0.2668643 0.1942548 0.2676724 0.04213552 0.2597264 0.2870793 1 6.379186e-05 0.1372019 0.2899762 0.1458545 0.06130247 0.3049731 0.8622979 0.3001696 0.03294346 0.1350475 -0.007104026
0.08002712 -0.1045037 0.1780511 0.1780511 0.08002712 0.09069287 0.1631698 0.1631698 0.1677451 0.05575554 0.08620647 -0.1045037 0.2374491 0.09229567 0.04560207 0.05114451 0.1349463 0.014749 0.09649848 0.1793229 0.05575554 -0.1115113 0.1851076 0.08002712 0.1851076 0.08002712 -0.1313492 0.1702937 -0.1325341 0.07468235 -0.09249037 -0.1277285 6.379186e-05 1 0.1139377 -0.117457 0.1741331 0.04474188 -0.1126994 0.04352636 -0.1055777 -0.04699008 0.1767042 -0.04987377
0.2356294 -0.6172853 0.7820793 0.7820793 0.2356294 0.2488965 0.7416096 0.7416096 0.7723459 0.02916578 0.2432662 -0.6172853 0.6614748 0.1599881 0.03214502 -0.04420888 0.03667306 0.04361169 0.2472616 0.8009509 -0.02449359 -0.6502231 0.8041911 0.2259707 0.8041911 0.2259707 -0.6702692 0.771411 -0.6721815 -0.01548984 -0.5880238 -0.6532421 0.1372019 0.1139377 1 -0.7092405 0.8504401 0.1652189 -0.7015428 0.1934724 -0.6901291 -0.02449359 0.7885863 -0.0070126
0.2357778 0.8917219 -0.7496041 -0.7496041 0.2357778 0.2555586 -0.7237294 -0.7237294 -0.7426742 -0.09979571 0.2472062 0.8917219 -0.6164467 0.2373766 0.2097506 0.04600789 0.05930766 -0.008424721 0.2403652 -0.7739146 -0.09979571 0.9287247 -0.7762192 0.2450784 -0.7762192 0.2450784 0.9313974 -0.7647355 0.9340109 -0.1073066 0.824468 0.9187215 0.2899762 -0.117457 -0.7092405 1 -0.832634 -0.1144816 0.9841995 0.2466637 0.9686103 -0.02229044 -0.7747197 -0.08154616
0.2401265 -0.736237 0.8980319 0.8980319 0.2401265 0.2564641 0.8649006 0.8649006 0.8897066 0.1198554 0.249549 -0.736237 0.7415028 0.1740133 0.009564693 -0.03167315 0.01510347 0.02869146 0.2655015 0.9275369 0.1198554 -0.7682868 0.9303054 0.2401265 0.9303054 0.2401265 -0.7714519 0.91651 -0.7736285 0.1122018 -0.6941444 -0.7681252 0.1458545 0.1741331 0.8504401 -0.832634 1 0.1510615 -0.8238788 0.2115224 -0.8109024 -0.03678322 0.9190265 0.07795109
0.05984413 -0.09775307 0.1321749 0.1321749 0.05984413 0.06321367 0.1412525 0.1412525 0.1338493 -0.01984895 0.06178371 -0.09775307 0.1569749 0.04459741 0.08935036 0.01092822 0.02348023 -0.02106704 0.06509026 0.1327317 -0.01984895 -0.09775307 0.1321749 0.05984413 0.1321749 0.05984413 -0.09725796 0.1349723 -0.09775307 -0.02538731 -0.07539948 -0.09282554 0.06130247 0.04474188 0.1652189 -0.1144816 0.1510615 1 -0.1124991 0.06321367 -0.1095453 0.1891164 -0.006252621 -0.02106704
0.2511957 0.9021694 -0.7512667 -0.7512667 0.2511957 0.2699879 -0.7151236 -0.7151236 -0.7444197 -0.09874635 0.262043 0.9021694 -0.6200047 0.2506877 0.2207685 0.03171797 0.05608275 -0.007270167 0.2542736 -0.7756159 -0.09874635 0.9391877 -0.7778929 0.2605002 -0.7778929 0.2605002 0.9418349 -0.7665476 0.944476 -0.105956 0.8283623 0.928917 0.3049731 -0.1126994 -0.7015428 0.9841995 -0.8238788 -0.1124991 1 0.2610893 0.9842497 -0.02120864 -0.7820252 -0.0804222
0.8684038 0.2246534 0.22686 0.22686 0.8684038 0.820294 0.2142239 0.2142239 0.2244712 0.03397052 0.8400822 0.2246534 0.1859704 0.8241213 0.4438339 0.02843975 0.1213573 0.03605522 0.810247 0.2439925 0.03397052 0.2246534 0.2447837 0.8840622 0.2447837 0.8840622 0.2327143 0.2498177 0.2335531 0.04344916 0.2232431 0.2430546 0.8622979 0.04352636 0.1934724 0.2466637 0.2115224 0.06321367 0.2610893 1 0.2739035 0.03397052 0.2009422 -0.004980601
0.2464676 0.8862932 -0.7379322 -0.7379322 0.2464676 0.2649974 -0.7023488 -0.7023488 -0.7311915 -0.09719106 0.2571639 0.8862932 -0.6088624 0.2622667 0.2285663 0.0344218 0.06259475 -0.005537685 0.2491151 -0.7623393 -0.09719106 0.9233425 -0.7645808 0.2557798 -0.7645808 0.2557798 0.9259478 -0.7534123 0.9286353 -0.1039497 0.8156117 0.9126168 0.3001696 -0.1055777 -0.6901291 0.9686103 -0.8109024 -0.1095453 0.9842497 0.2739035 1 -0.01958837 -0.7690874 -0.07875103
0.03215976 -0.02093842 -0.03887254 -0.03887254 0.03215976 -0.09651759 -0.03469772 -0.03469772 -0.03808842 -0.01066667 0.03320207 -0.02093842 -0.02183999 0.03621609 0.03634798 -0.01743373 0.03176899 -0.01132126 -0.09249251 -0.03861107 -0.01066667 -0.02093842 -0.03887254 0.03215976 -0.03887254 0.03215976 -0.02066827 -0.03756612 -0.02093842 -0.01364294 -0.008501633 -0.01823958 0.03294346 -0.04699008 -0.02449359 -0.02229044 -0.03678322 0.1891164 -0.02120864 0.03397052 -0.01958837 1 -0.03626159 -0.01132126
0.2386588 -0.6943212 0.8603966 0.8603966 0.2386588 0.254916 0.8159286 0.8159286 0.8519815 0.1205043 0.2480351 -0.6943212 0.7012765 0.1722821 0.0002891275 -0.01452955 0.04020787 0.02930012 0.2551209 0.884513 0.1205043 -0.731743 0.887313 0.2292529 0.887313 0.2292529 -0.7349199 0.8733569 -0.737089 0.1541281 -0.6576989 -0.7316627 0.1350475 0.1767042 0.7885863 -0.7747197 0.9190265 -0.006252621 -0.7820252 0.2009422 -0.7690874 -0.03626159 1 0.1032496
-0.008773909 -0.08014247 0.07538871 0.07538871 -0.008773909 -0.004980601 0.05585191 0.05585191 0.07634369 -0.01132126 -0.00656262 -0.08014247 0.02148004 -0.0005660302 -0.03910437 -0.0185036 -0.009837462 -0.01201602 -0.002961584 0.07570626 -0.01132126 -0.08014247 0.07538871 -0.008773909 0.07538871 -0.008773909 -0.07986322 0.07698424 -0.08014247 -0.01448018 -0.06772004 -0.07737118 -0.007104026 -0.04987377 -0.0070126 -0.08154616 0.07795109 -0.02106704 -0.0804222 -0.004980601 -0.07875103 -0.01132126 0.1032496 1
