1 -0.01527365 -0.01527365 0.1042753 -0.04279546 1 -0.1596704 1 -0.1334988 -0.05000329 0.8298256 0.1048578 -0.01527365 0.9601248 -0.01364294 -0.1562288 -0.1609877 0.9217346 -0.1596704 -0.05000329 -0.02489572 0.6637257 0.7159051 0.6344986 -0.1389815 -0.01527365 -0.1335632 -0.02336758 -0.1339718 -0.1283669 -0.06859924 -0.04377376 -0.03772523 0.1874096 -0.08184229 0.01942148 0.00702643 -0.02618854 0.0921771 -0.03736915 -0.0006655669 -0.008388891 0.05825755 0.1112214 -0.02118108 -0.0274864 0.0266264 -0.04887226 0.2295564 -0.04630282 0.1266415 0.03401355 0.1816589 0.3592247 0.3738771 -0.03000903 -0.01448018 0.3738771 -0.0307388 -0.01448018 -0.03183742 0.3902789
-0.01527365 1 0.2906417 -0.1464742 -0.03745876 -0.01527365 -0.1397591 -0.01527365 -0.1168511 -0.04376775 -0.01267446 -0.1456605 1 -0.01466461 -0.01194163 -0.1367467 -0.1409121 -0.01527365 -0.1397591 -0.04376775 -0.02179116 -0.01403089 -0.01466461 -0.01466461 -0.1162175 -0.01336898 -0.1115074 0.5862175 -0.1118628 -0.1069847 -0.06004474 -0.03831506 -0.05575447 -0.01131114 -0.1019717 -0.04027011 -0.09527202 -0.07184219 -0.02090773 -0.04656025 -0.04964782 -0.04187526 -0.02764914 -0.05143155 -0.01853975 -0.00701527 -0.02306133 -0.0734872 -0.03328236 -0.08858558 -0.02387607 -0.1083577 -0.02347168 -0.01586086 -0.01527365 -0.1108 -0.01267446 -0.01527365 -0.1115074 -0.01267446 -0.1125769 -0.01466461
-0.01527365 0.2906417 1 0.01994809 -0.03745876 -0.01527365 0.02503241 -0.01527365 0.04503193 -0.04376775 -0.01267446 0.0205491 0.2906417 -0.01466461 -0.01194163 0.02741121 0.02413859 -0.01527365 0.02503241 -0.04376775 0.04173845 -0.01403089 -0.01466461 -0.01466461 0.02503241 -0.01336898 0.02889561 0.1143622 0.02859882 0.03275294 -0.03177523 -0.03831506 -0.0262007 0.02271205 -0.009181129 -0.003044813 -0.02587786 0.022373 -0.02090773 0.05633382 -0.01775541 0.0901607 0.02346805 0.07416483 -0.01853975 0.06683993 -0.02306133 0.0674149 -0.03328236 0.0502453 -0.02387607 0.03156587 0.03583343 -0.01586086 -0.01527365 0.02948908 -0.01267446 -0.01527365 0.02889561 -0.01267446 0.02800512 -0.01466461
0.1042753 -0.1464742 0.01994809 1 0.2557362 0.1042753 0.9320627 0.1042753 0.7760567 -0.4631452 0.08653034 0.9665918 -0.1464742 0.1001173 0.08152718 0.9115814 0.9233045 0.1042753 0.9265396 -0.4631452 0.1338667 0.07310749 0.0783851 0.0783851 0.7884621 0.06749732 0.7618257 -0.1608368 0.7642522 0.7364102 0.323714 0.2070725 0.304374 -0.0337294 0.729374 0.1264617 0.6401245 0.4910293 0.04978731 0.4271066 0.1967896 0.3980247 0.1288016 0.4401181 0.03981032 0.4365998 0.1008762 0.5408249 0.1353809 0.6379001 0.1493086 0.7622052 0.1602444 0.1082843 0.1042753 0.7624811 0.08653034 0.1042753 0.7563358 0.08653034 0.763631 0.1001173
-0.04279546 -0.03745876 -0.03745876 0.2557362 1 -0.04279546 0.2680238 -0.04279546 0.3205682 -0.1226335 -0.03551277 0.2571648 -0.03745876 -0.04108898 -0.03345943 0.2739281 0.2658306 -0.04279546 0.2680238 -0.1226335 -0.06105698 -0.03931337 -0.04108898 -0.04108898 0.2313784 -0.03745876 0.241236 -0.05730921 0.2313611 0.1787783 0.01878044 0.08854844 0.05079858 -0.1005424 0.2541271 -0.01142859 0.1903419 0.2368427 0.01851018 0.2479365 -0.03982028 0.2813968 0.02199197 0.1471968 0.03440336 0.166203 0.09958524 0.2035129 0.04216098 0.2452347 -0.04417953 0.2481705 -0.06576565 -0.04444079 -0.04279546 0.2518678 -0.03551277 -0.04279546 0.2503424 -0.03551277 0.2480633 -0.04108898
1 -0.01527365 -0.01527365 0.1042753 -0.04279546 1 -0.1596704 1 -0.1334988 -0.05000329 0.8298256 0.1048578 -0.01527365 0.9601248 -0.01364294 -0.1562288 -0.1609877 0.9217346 -0.1596704 -0.05000329 -0.02489572 0.6637257 0.7159051 0.6344986 -0.1389815 -0.01527365 -0.1335632 -0.02336758 -0.1339718 -0.1283669 -0.06859924 -0.04377376 -0.03772523 0.1874096 -0.08184229 0.01942148 0.00702643 -0.02618854 0.0921771 -0.03736915 -0.0006655669 -0.008388891 0.05825755 0.1112214 -0.02118108 -0.0274864 0.0266264 -0.04887226 0.2295564 -0.04630282 0.1266415 0.03401355 0.1816589 0.3592247 0.3738771 -0.03000903 -0.01448018 0.3738771 -0.0307388 -0.01448018 -0.03183742 0.3902789
-0.1596704 -0.1397591 0.02503241 0.9320627 0.2680238 -0.1596704 1 -0.1596704 0.8360897 -0.4575472 -0.1324986 0.9594851 -0.1397591 -0.1533035 0.08544437 0.9784456 0.9918174 -0.1596704 0.994531 -0.4575472 0.1411608 -0.1242176 -0.1317842 -0.110265 0.8468687 0.04857405 0.8185118 -0.1825022 0.8210632 0.7914639 0.3573899 0.2201751 0.3234104 -0.08663064 0.7662707 0.1238306 0.642997 0.5074769 0.04221619 0.4514682 0.1848327 0.4210911 0.1147088 0.4135182 0.06392467 0.4642596 0.08098902 0.5738218 0.06636059 0.6757723 0.1165873 0.7633988 0.09905778 -0.026161 -0.01484798 0.7971379 0.09068792 -0.01484798 0.7913309 0.09068792 0.7989749 -0.02418789
1 -0.01527365 -0.01527365 0.1042753 -0.04279546 1 -0.1596704 1 -0.1334988 -0.05000329 0.8298256 0.1048578 -0.01527365 0.9601248 -0.01364294 -0.1562288 -0.1609877 0.9217346 -0.1596704 -0.05000329 -0.02489572 0.6637257 0.7159051 0.6344986 -0.1389815 -0.01527365 -0.1335632 -0.02336758 -0.1339718 -0.1283669 -0.06859924 -0.04377376 -0.03772523 0.1874096 -0.08184229 0.01942148 0.00702643 -0.02618854 0.0921771 -0.03736915 -0.0006655669 -0.008388891 0.05825755 0.1112214 -0.02118108 -0.0274864 0.0266264 -0.04887226 0.2295564 -0.04630282 0.1266415 0.03401355 0.1816589 0.3592247 0.3738771 -0.03000903 -0.01448018 0.3738771 -0.0307388 -0.01448018 -0.03183742 0.3902789
-0.1334988 -0.1168511 0.04503193 0.7760567 0.3205682 -0.1334988 0.8360897 -0.1334988 1 -0.3825505 -0.1107807 0.8022156 -0.1168511 -0.1281755 -0.1043754 0.8545081 0.8292483 -0.1334988 0.8360897 -0.3825505 -0.07447984 -0.1226365 -0.1281755 -0.107036 0.7071508 -0.07059884 0.7059476 -0.1480075 0.6768304 0.6577899 0.326766 0.1688273 0.3152734 -0.1555451 0.6317889 0.07278083 0.527632 0.4401232 0.04330013 0.4248745 0.1410317 0.3613773 0.08496718 0.2882351 0.04050593 0.4280267 0.1010647 0.5083133 0.05652016 0.612894 0.01780518 0.6266205 -0.05627881 -0.06024076 -0.05220368 0.7107668 -0.08641987 -0.05220368 0.7059476 -0.08641987 0.7147836 -0.06475707
-0.05000329 -0.04376775 -0.04376775 -0.4631452 -0.1226335 -0.05000329 -0.4575472 -0.05000329 -0.3825505 1 -0.04149401 -0.4768675 -0.04376775 -0.0480094 -0.03909484 -0.4476851 -0.4613221 -0.05000329 -0.4575472 1 -0.0713405 -0.01261556 -0.01608736 -0.01608736 -0.3764196 -0.04376775 -0.361024 -0.06696152 -0.3702532 -0.3542626 -0.1478659 -0.08540272 -0.141792 0.2150535 -0.3618177 -0.05486737 -0.2680616 -0.2392574 -0.06844829 -0.2189153 -0.03065176 -0.2144447 -0.05528717 -0.1900191 -0.009718075 -0.1884015 -0.05472638 -0.2527236 -0.09397122 -0.2940009 -0.07816614 -0.3426895 -0.07684223 -0.05192573 -0.05000329 -0.3506537 -0.04149401 -0.05000329 -0.3448957 -0.04149401 -0.3483713 -0.0480094
0.8298256 -0.01267446 -0.01267446 0.08653034 -0.03551277 0.8298256 -0.1324986 0.8298256 -0.1107807 -0.04149401 1 0.08701371 -0.01267446 0.8642893 -0.01132126 -0.1296427 -0.1335917 0.8298256 -0.1324986 -0.04149401 -0.0206591 0.8014781 0.7667124 0.7667124 -0.1324986 -0.01267446 -0.1278994 -0.01939102 -0.1282456 -0.1235066 -0.0569254 -0.03632458 -0.05285801 0.2078983 -0.09423067 0.04024734 0.009579379 -0.04081754 0.1192965 -0.04143174 -0.0134735 -0.03691812 0.08147976 0.08618816 -0.0175766 -0.05073649 0.0416324 -0.04245833 0.2433597 -0.05717235 0.1618574 0.02255632 0.227633 0.3468031 0.3607668 -0.02869146 -0.01201602 0.3607668 -0.02930012 -0.01201602 -0.03021662 0.3764048
0.1048578 -0.1456605 0.0205491 0.9665918 0.2571648 0.1048578 0.9594851 0.1048578 0.8022156 -0.4768675 0.08701371 1 -0.1456605 0.1006766 0.0819826 0.938804 0.9563515 0.1048578 0.9594851 -0.4768675 0.1347168 0.0510172 0.05726769 0.05726769 0.8160681 0.06803756 0.7891061 -0.1912615 0.7915557 0.763402 0.3459856 0.2176767 0.3204473 -0.03953381 0.7506139 0.1281872 0.6448551 0.5059101 0.06617578 0.4420027 0.191392 0.4192783 0.14191 0.4549144 0.0579587 0.462905 0.08770435 0.5611854 0.1367675 0.6694284 0.1502367 0.7837946 0.1472438 0.08876781 0.08399088 0.7951873 0.08701371 0.08399088 0.7891061 0.08701371 0.7964785 0.07897215
-0.01527365 1 0.2906417 -0.1464742 -0.03745876 -0.01527365 -0.1397591 -0.01527365 -0.1168511 -0.04376775 -0.01267446 -0.1456605 1 -0.01466461 -0.01194163 -0.1367467 -0.1409121 -0.01527365 -0.1397591 -0.04376775 -0.02179116 -0.01403089 -0.01466461 -0.01466461 -0.1162175 -0.01336898 -0.1115074 0.5862175 -0.1118628 -0.1069847 -0.06004474 -0.03831506 -0.05575447 -0.01131114 -0.1019717 -0.04027011 -0.09527202 -0.07184219 -0.02090773 -0.04656025 -0.04964782 -0.04187526 -0.02764914 -0.05143155 -0.01853975 -0.00701527 -0.02306133 -0.0734872 -0.03328236 -0.08858558 -0.02387607 -0.1083577 -0.02347168 -0.01586086 -0.01527365 -0.1108 -0.01267446 -0.01527365 -0.1115074 -0.01267446 -0.1125769 -0.01466461
0.9601248 -0.01466461 -0.01466461 0.1001173 -0.04108898 0.9601248 -0.1533035 0.9601248 -0.1281755 -0.0480094 0.8642893 0.1006766 -0.01466461 1 -0.01309892 -0.1499992 -0.1545683 0.9601248 -0.1533035 -0.0480094 -0.023903 0.6916469 0.7459786 0.6613047 -0.1533035 -0.01466461 -0.1479822 -0.02243579 -0.1483827 -0.1428996 -0.06586383 -0.04202827 -0.03414286 0.1990753 -0.09489022 0.02388203 -0.003012638 -0.01851954 0.0977878 -0.03226155 0.003845997 -0.002483924 0.06312311 0.1226828 -0.02033648 -0.02119725 0.02980307 -0.04196971 0.241812 -0.03794856 0.1339067 0.02609811 0.1910953 0.3750921 0.3902789 -0.018948 -0.01390278 0.3902789 -0.01964066 -0.01390278 -0.02068289 0.4072833
-0.01364294 -0.01194163 -0.01194163 0.08152718 -0.03345943 -0.01364294 0.08544437 -0.01364294 -0.1043754 -0.03909484 -0.01132126 0.0819826 -0.01194163 -0.01309892 1 -0.1221468 0.08474521 -0.01364294 0.08544437 -0.03909484 -0.0194646 -0.01253287 -0.01309892 -0.01309892 0.05915913 0.66694 -0.09437666 -0.01826983 0.06213941 0.0656614 0.1357506 -0.03422431 -0.04980178 0.07347083 0.06950258 0.005592993 0.07502828 -0.0326133 -0.01867549 -0.0645663 -0.04434712 -0.06099219 -0.02469714 0.1559961 -0.01656033 -0.07223624 -0.02059916 -0.08661768 -0.02972893 -0.09979571 0.5001505 0.09068792 -0.0209657 -0.01416746 -0.01364294 -0.1198554 0.9421803 -0.01364294 -0.1205043 0.9421803 -0.1214863 -0.01309892
-0.1562288 -0.1367467 0.02741121 0.9115814 0.2739281 -0.1562288 0.9784456 -0.1562288 0.8545081 -0.4476851 -0.1296427 0.938804 -0.1367467 -0.1499992 -0.1221468 1 0.9704394 -0.1562288 0.9729977 -0.4476851 0.1446523 -0.1211424 -0.1285626 -0.1071261 0.831351 -0.08984443 0.8349255 -0.1780139 0.8050271 0.7748116 0.3278797 0.2264219 0.332489 -0.1015253 0.7489191 0.1221952 0.6249742 0.5122852 0.0459246 0.4631145 0.1933136 0.4321134 0.1193865 0.379596 0.06711122 0.4774464 0.08494706 0.5895681 0.07226714 0.6938579 0.01247657 0.7416673 0.1030223 -0.02312402 -0.01196322 0.8189145 -0.1049395 -0.01196322 0.8132643 -0.1049395 0.8210825 -0.02137997
-0.1609877 -0.1409121 0.02413859 0.9233045 0.2658306 -0.1609877 0.9918174 -0.1609877 0.8292483 -0.4613221 -0.1335917 0.9563515 -0.1409121 -0.1545683 0.08474521 0.9704394 1 -0.1609877 0.9918174 -0.4613221 0.1398618 -0.1253924 -0.1330152 -0.111462 0.8439228 0.04771726 0.8158271 -0.184217 0.8183593 0.7890343 0.3603384 0.226857 0.3269038 -0.08993137 0.7641363 0.1212144 0.6357435 0.5070966 0.04082318 0.4471327 0.1890785 0.4169871 0.124853 0.4146698 0.06273109 0.4650729 0.07950667 0.5679556 0.06414177 0.6744204 0.1151041 0.7608342 0.0975752 -0.02730928 -0.01593748 0.7944659 0.08994586 -0.01593748 0.7886034 0.08994586 0.7961897 -0.02524957
0.9217346 -0.01527365 -0.01527365 0.1042753 -0.04279546 0.9217346 -0.1596704 0.9217346 -0.1334988 -0.05000329 0.8298256 0.1048578 -0.01527365 0.9601248 -0.01364294 -0.1562288 -0.1609877 1 -0.1596704 -0.05000329 -0.02489572 0.6637257 0.7159051 0.6344986 -0.1596704 0.07378346 -0.1541281 -0.02336758 -0.1545452 -0.1488344 -0.06859924 -0.04377376 -0.03772523 0.1874096 -0.1022289 0.01942148 -0.01330194 -0.02618854 0.0921771 -0.03736915 -0.0006655669 -0.008388891 0.05825755 0.1332968 -0.02118108 -0.0274864 0.0266264 -0.04887226 0.2677822 -0.04630282 0.1266415 0.03401355 0.1816589 0.4346938 0.3738771 -0.03000903 -0.01448018 0.3738771 -0.0307388 -0.01448018 -0.03183742 0.3902789
-0.1596704 -0.1397591 0.02503241 0.9265396 0.2680238 -0.1596704 0.994531 -0.1596704 0.8360897 -0.4575472 -0.1324986 0.9594851 -0.1397591 -0.1533035 0.08544437 0.9729977 0.9918174 -0.1596704 1 -0.4575472 0.1411608 -0.1466787 -0.1533035 -0.1317842 0.8523377 0.04857405 0.823948 -0.1825022 0.8265017 0.7968743 0.3639572 0.229171 0.3302761 -0.09453459 0.7716597 0.1238306 0.6376233 0.5074769 0.04221619 0.4514682 0.1922417 0.4210911 0.1147088 0.4135182 0.06392467 0.4699787 0.08098902 0.5738218 0.05625587 0.6811476 0.1165873 0.7633988 0.08528057 -0.04611073 -0.0355369 0.8025697 0.09068792 -0.0355369 0.7967671 0.09068792 0.8044181 -0.04570716
-0.05000329 -0.04376775 -0.04376775 -0.4631452 -0.1226335 -0.05000329 -0.4575472 -0.05000329 -0.3825505 1 -0.04149401 -0.4768675 -0.04376775 -0.0480094 -0.03909484 -0.4476851 -0.4613221 -0.05000329 -0.4575472 1 -0.0713405 -0.01261556 -0.01608736 -0.01608736 -0.3764196 -0.04376775 -0.361024 -0.06696152 -0.3702532 -0.3542626 -0.1478659 -0.08540272 -0.141792 0.2150535 -0.3618177 -0.05486737 -0.2680616 -0.2392574 -0.06844829 -0.2189153 -0.03065176 -0.2144447 -0.05528717 -0.1900191 -0.009718075 -0.1884015 -0.05472638 -0.2527236 -0.09397122 -0.2940009 -0.07816614 -0.3426895 -0.07684223 -0.05192573 -0.05000329 -0.3506537 -0.04149401 -0.05000329 -0.3448957 -0.04149401 -0.3483713 -0.0480094
-0.02489572 -0.02179116 0.04173845 0.1338667 -0.06105698 -0.02489572 0.1411608 -0.02489572 -0.07447984 -0.0713405 -0.0206591 0.1347168 -0.02179116 -0.023903 -0.0194646 0.1446523 0.1398618 -0.02489572 0.1411608 -0.0713405 1 -0.02287005 -0.023903 -0.023903 0.1559194 -0.02179116 0.1615262 -0.03333891 0.1610902 0.1380701 -0.06242649 0.08320625 0.02028758 0.224721 0.1450074 0.1910686 0.1405374 0.06599997 0.007318279 -0.06944163 0.1590011 -0.01196857 0.1151631 -0.01454268 0.06251866 -0.02378165 -0.03758948 0.07749586 0.000287796 0.1080093 -0.002317667 0.1216278 0.4822512 0.0279836 0.03093551 0.1330842 -0.0206591 0.03093551 0.1321859 -0.0206591 0.1308429 0.03416903
0.6637257 -0.01403089 -0.01403089 0.07310749 -0.03931337 0.6637257 -0.1242176 0.6637257 -0.1226365 -0.01261556 0.8014781 0.0510172 -0.01403089 0.6916469 -0.01253287 -0.1211424 -0.1253924 0.6637257 -0.1466787 -0.01261556 -0.02287005 1 0.956786 0.956786 -0.1466787 -0.01403089 -0.1415873 -0.02146626 -0.1419705 -0.1367243 -0.06301759 -0.04021206 -0.0585149 0.244575 -0.1092337 0.02876944 0.05229172 -0.01022834 0.1040624 -0.05131975 0.0391798 -0.04646804 0.1172947 0.1113896 -0.01945766 -0.06138599 -0.02420312 -0.05696038 0.2970709 -0.07310271 0.1420454 0.03980377 0.3148644 0.4749555 0.4937868 -0.05159165 -0.01330198 0.4937868 -0.05228155 -0.01330198 -0.05332144 0.5148875
0.7159051 -0.01466461 -0.01466461 0.0783851 -0.04108898 0.7159051 -0.1317842 0.7159051 -0.1281755 -0.01608736 0.7667124 0.05726769 -0.01466461 0.7459786 -0.01309892 -0.1285626 -0.1330152 0.7159051 -0.1533035 -0.01608736 -0.023903 0.956786 1 0.9153262 -0.1533035 -0.01466461 -0.1479822 -0.02243579 -0.1483827 -0.1428996 -0.06586383 -0.04202827 -0.06115777 0.2301757 -0.116095 0.02388203 0.03927588 -0.01851954 0.0977878 -0.05577526 0.06215132 -0.05076122 0.109849 0.1226828 -0.02033648 -0.04370078 -0.02529627 -0.063436 0.321332 -0.0590993 0.1339067 0.04741532 0.2995162 0.4535901 0.4716855 -0.04032089 -0.01390278 0.4716855 -0.04103091 -0.01390278 -0.04210041 0.4919571
0.6344986 -0.01466461 -0.01466461 0.0783851 -0.04108898 0.6344986 -0.110265 0.6344986 -0.107036 -0.01608736 0.7667124 0.05726769 -0.01466461 0.6613047 -0.01309892 -0.1071261 -0.111462 0.6344986 -0.1317842 -0.01608736 -0.023903 0.956786 0.9153262 1 -0.1533035 -0.01466461 -0.1479822 -0.02243579 -0.1483827 -0.1428996 -0.06586383 -0.04202827 -0.06115777 0.2612761 -0.116095 0.02388203 0.06042013 0.003010845 0.0977878 -0.05577526 0.06215132 -0.05076122 0.1565749 0.1226828 -0.02033648 -0.06620431 -0.02529627 -0.063436 0.321332 -0.08025004 0.1339067 0.04741532 0.3537266 0.5320881 0.553092 -0.06169378 -0.01390278 0.553092 -0.06242116 -0.01390278 -0.06351794 0.5766309
-0.1389815 -0.1162175 0.02503241 0.7884621 0.2313784 -0.1389815 0.8468687 -0.1389815 0.7071508 -0.3764196 -0.1324986 0.8160681 -0.1162175 -0.1533035 0.05915913 0.831351 0.8439228 -0.1596704 0.8523377 -0.3764196 0.1559194 -0.1466787 -0.1533035 -0.1533035 1 0.0721157 0.9652889 -0.2138214 0.9679015 0.932135 0.4296303 0.2651548 0.3783357 -0.08663064 0.8363285 0.1584219 0.69136 0.5512513 0.04221619 0.4813475 0.2070596 0.4578991 0.1028337 0.4193536 0.06392467 0.5214507 0.1089953 0.5847329 0.07646532 0.7295254 0.1165873 0.8067397 0.05772615 -0.06606046 -0.05622582 0.8514557 0.06588942 -0.05622582 0.851129 0.06588942 0.8588492 -0.06722643
-0.01527365 -0.01336898 -0.01336898 0.06749732 -0.03745876 -0.01527365 0.04857405 -0.01527365 -0.07059884 -0.04376775 -0.01267446 0.06803756 -0.01336898 -0.01466461 0.66694 -0.08984443 0.04771726 0.07378346 0.04857405 -0.04376775 -0.02179116 -0.01403089 -0.01466461 -0.01466461 0.0721157 1 -0.1349079 -0.02045359 0.07541936 0.07933216 0.1943809 -0.03831506 -0.05575447 0.09075843 0.06041183 -0.04027011 0.06664769 -0.07184219 -0.02090773 -0.07228376 -0.01775541 -0.06828245 -0.02764914 0.1244034 -0.01853975 -0.08087047 -0.02306133 -0.09697089 0.01021424 -0.08858558 0.3847898 0.07820705 -0.02347168 0.07001437 -0.01527365 -0.1108 0.7345555 -0.01527365 -0.1115074 0.7345555 -0.1125769 -0.01466461
-0.1335632 -0.1115074 0.02889561 0.7618257 0.241236 -0.1335632 0.8185118 -0.1335632 0.7059476 -0.361024 -0.1278994 0.7891061 -0.1115074 -0.1479822 -0.09437666 0.8349255 0.8158271 -0.1541281 0.823948 -0.361024 0.1615262 -0.1415873 -0.1479822 -0.1479822 0.9652889 -0.1349079 1 -0.2063994 0.9540539 0.917252 0.3863281 0.275067 0.3928045 -0.1274981 0.8260353 0.1695609 0.6800273 0.5711445 0.04823944 0.5001607 0.2059931 0.4756517 0.1105172 0.399216 0.06910692 0.5426012 0.1152646 0.6103371 0.08599802 0.7533473 0.02868752 0.7983508 0.06442609 -0.06090308 -0.05130368 0.881232 -0.1032496 -0.05130368 0.8811209 -0.1032496 0.8728866 -0.06242116
-0.02336758 0.5862175 0.1143622 -0.1608368 -0.05730921 -0.02336758 -0.1825022 -0.02336758 -0.1480075 -0.06696152 -0.01939102 -0.1912615 0.5862175 -0.02243579 -0.01826983 -0.1780139 -0.184217 -0.02336758 -0.1825022 -0.06696152 -0.03333891 -0.02146626 -0.02243579 -0.02243579 -0.2138214 -0.02045359 -0.2063994 1 -0.206958 -0.1993104 -0.09186414 -0.05861929 -0.08530033 -0.04672651 -0.1915002 -0.06161037 -0.1811487 -0.1302814 0.1437111 -0.110589 -0.07595761 -0.1044672 -0.04230119 -0.1004083 -0.02836448 -0.09097438 -0.03528219 -0.07025338 0.0358804 -0.1709298 -0.03652867 -0.2014583 -0.03590998 -0.02426598 -0.02336758 -0.205288 -0.01939102 -0.02336758 -0.2063994 -0.01939102 -0.2080813 -0.02243579
-0.1339718 -0.1118628 0.02859882 0.7642522 0.2313611 -0.1339718 0.8210632 -0.1339718 0.6768304 -0.3702532 -0.1282456 0.7915557 -0.1118628 -0.1483827 0.06213941 0.8050271 0.8183593 -0.1545452 0.8265017 -0.3702532 0.1610902 -0.1419705 -0.1483827 -0.1483827 0.9679015 0.07541936 0.9540539 -0.206958 1 0.9630473 0.4308168 0.2564052 0.3916804 -0.1050191 0.8610013 0.1515022 0.6989505 0.5528553 0.04777658 0.4868145 0.2049321 0.4620719 0.1099246 0.4266287 0.05162076 0.5352722 0.11478 0.5920765 0.0752167 0.7296994 0.1225556 0.8010294 0.06391075 -0.0612949 -0.05167793 0.8406897 0.06903529 -0.05167793 0.8405311 0.06903529 0.8322197 -0.06278598
-0.1283669 -0.1069847 0.03275294 0.7364102 0.1787783 -0.1283669 0.7914639 -0.1283669 0.6577899 -0.3542626 -0.1235066 0.763402 -0.1069847 -0.1428996 0.0656614 0.7748116 0.7890343 -0.1488344 0.7968743 -0.3542626 0.1380701 -0.1367243 -0.1428996 -0.1428996 0.932135 0.07933216 0.917252 -0.1993104 0.9630473 1 0.4154309 0.258512 0.366848 -0.1133494 0.8381924 0.1380127 0.6962318 0.5482205 0.05425746 0.4839155 0.1905317 0.4452465 0.1182543 0.4259684 0.02332266 0.5415601 0.1216085 0.5824459 0.08553774 0.7140262 0.1296061 0.7803129 0.0302443 -0.05587571 -0.04649724 0.8204203 0.07275754 -0.04649724 0.8204482 0.07275754 0.8124579 -0.05774401
-0.06859924 -0.06004474 -0.03177523 0.323714 0.01878044 -0.06859924 0.3573899 -0.06859924 0.326766 -0.1478659 -0.0569254 0.3459856 -0.06004474 -0.06586383 0.1357506 0.3278797 0.3603384 -0.06859924 0.3639572 -0.1478659 -0.06242649 -0.06301759 -0.06586383 -0.06586383 0.4296303 0.1943809 0.3863281 -0.09186414 0.4308168 0.4154309 1 0.5300825 0.7883925 -0.04226008 0.3696949 0.02682454 0.2619113 0.110341 0.05346492 0.09155524 0.1862713 0.0690215 0.07545726 0.1607175 0.1436986 0.1587269 0.1822848 0.1540728 0.05679636 0.2663346 0.1859168 0.3519055 -0.006154924 -0.02332415 -0.0189115 0.3496495 0.1515261 -0.0189115 0.3406325 0.1515261 0.3369019 -0.04002284
-0.04377376 -0.03831506 -0.03831506 0.2070725 0.08854844 -0.04377376 0.2201751 -0.04377376 0.1688273 -0.08540272 -0.03632458 0.2176767 -0.03831506 -0.04202827 -0.03422431 0.2264219 0.226857 -0.04377376 0.229171 -0.08540272 0.08320625 -0.04021206 -0.04202827 -0.04202827 0.2651548 -0.03831506 0.275067 -0.05861929 0.2564052 0.258512 0.5300825 1 0.6307438 -0.05191921 0.2351897 0.1264098 0.1468142 0.1586264 0.1167125 0.009090525 0.2111344 0.1171242 0.116092 0.0973683 0.2012391 0.1163018 0.1181773 0.07206264 0.07082695 0.166106 0.06542601 0.2107716 0.1140285 0.02017411 0.02428882 0.2408728 -0.03632458 0.02428882 0.239299 -0.03632458 0.2369464 0.02876601
-0.03772523 -0.05575447 -0.0262007 0.304374 0.05079858 -0.03772523 0.3234104 -0.03772523 0.3152734 -0.141792 -0.05285801 0.3204473 -0.05575447 -0.03414286 -0.04980178 0.332489 0.3269038 -0.03772523 0.3302761 -0.141792 0.02028758 -0.0585149 -0.06115777 -0.06115777 0.3783357 -0.05575447 0.3928045 -0.08530033 0.3916804 0.366848 0.7883925 0.6307438 1 -0.07991655 0.3642481 0.02747026 0.2010453 0.08987052 0.06686928 0.06614208 0.2393981 0.06949512 0.07849186 0.0836663 0.1383884 0.1294142 0.1850926 0.1092457 0.07684813 0.2696026 0.07068758 0.2873906 0.04047825 0.03403151 0.04019228 0.3473258 -0.05285801 0.04019228 0.3382085 -0.05285801 0.3347724 0.01988697
0.1874096 -0.01131114 0.02271205 -0.0337294 -0.1005424 0.1874096 -0.08663064 0.1874096 -0.1555451 0.2150535 0.2078983 -0.03953381 -0.01131114 0.1990753 0.07347083 -0.1015253 -0.08993137 0.1874096 -0.09453459 0.2150535 0.224721 0.244575 0.2301757 0.2612761 -0.08663064 0.09075843 -0.1274981 -0.04672651 -0.1050191 -0.1133494 -0.04226008 -0.05191921 -0.07991655 1 -0.1207005 0.06341407 0.01010222 -0.09415565 0.06212373 -0.07238481 0.02438184 -0.08082365 0.09502636 0.001858069 -0.0132027 -0.08412673 -0.05796338 -0.07652533 0.03317621 -0.07588212 0.01704096 -0.03937592 0.2588994 0.14804 0.1575093 -0.09390189 0.06453973 0.1575093 -0.08821531 0.06453973 -0.0678726 0.1679749
-0.08184229 -0.1019717 -0.009181129 0.729374 0.2541271 -0.08184229 0.7662707 -0.08184229 0.6317889 -0.3618177 -0.09423067 0.7506139 -0.1019717 -0.09489022 0.06950258 0.7489191 0.7641363 -0.1022289 0.7716597 -0.3618177 0.1450074 -0.1092337 -0.116095 -0.116095 0.8363285 0.06041183 0.8260353 -0.1915002 0.8610013 0.8381924 0.3696949 0.2351897 0.3642481 -0.1207005 1 0.1086881 0.718254 0.557245 0.04610625 0.5127137 0.1703237 0.4729799 0.08047516 0.3988202 0.04652816 0.5390128 0.129047 0.5704371 0.07671415 0.7124927 0.1239285 0.7850776 0.03818445 -0.0698671 -0.06145568 0.8097313 0.07682234 -0.06145568 0.8046083 0.07682234 0.7969519 -0.07368539
0.01942148 -0.04027011 -0.003044813 0.1264617 -0.01142859 0.01942148 0.1238306 0.01942148 0.07278083 -0.05486737 0.04024734 0.1281872 -0.04027011 0.02388203 0.005592993 0.1221952 0.1212144 0.01942148 0.1238306 -0.05486737 0.1910686 0.02876944 0.02388203 0.02388203 0.1584219 -0.04027011 0.1695609 -0.06161037 0.1515022 0.1380127 0.02682454 0.1264098 0.02747026 0.06341407 0.1086881 1 0.1361783 0.1712196 0.08256306 0.04684772 0.08475907 0.07563295 0.10449 0.09237102 0.02566455 0.1362232 -0.003038018 0.1133514 0.04354989 0.07995133 0.03530907 0.1516226 0.2125068 0.04686058 0.0521359 0.1541036 0.001034636 0.0521359 0.1609649 0.001034636 0.1583769 0.05790944
0.00702643 -0.09527202 -0.02587786 0.6401245 0.1903419 0.00702643 0.642997 0.00702643 0.527632 -0.2680616 0.009579379 0.6448551 -0.09527202 -0.003012638 0.07502828 0.6249742 0.6357435 -0.01330194 0.6376233 -0.2680616 0.1405374 0.05229172 0.03927588 0.06042013 0.69136 0.06664769 0.6800273 -0.1811487 0.6989505 0.6962318 0.2619113 0.1468142 0.2010453 0.01010222 0.718254 0.1361783 1 0.585252 0.05599668 0.4871813 0.1790762 0.4139436 0.1635076 0.4343756 0.05528229 0.4863272 0.1259737 0.5134423 0.1023776 0.6161265 0.1350195 0.7235212 0.1305492 0.05554783 0.06801156 0.6796021 0.0826784 0.06801156 0.6746859 0.0826784 0.6673331 0.06042013
-0.02618854 -0.07184219 0.022373 0.4910293 0.2368427 -0.02618854 0.5074769 -0.02618854 0.4401232 -0.2392574 -0.04081754 0.5059101 -0.07184219 -0.01851954 -0.0326133 0.5122852 0.5070966 -0.02618854 0.5074769 -0.2392574 0.06599997 -0.01022834 -0.01851954 0.003010845 0.5512513 -0.07184219 0.5711445 -0.1302814 0.5528553 0.5482205 0.110341 0.1586264 0.08987052 -0.09415565 0.557245 0.1712196 0.585252 1 0.01964087 0.6261868 0.008957917 0.5807465 0.1829046 0.5513983 0.039622 0.5673531 -0.09450517 0.5743845 0.08602788 0.5473024 -0.02110611 0.5889522 0.01171122 0.04650319 0.05660985 0.5696485 -0.04081754 0.05660985 0.5657055 -0.04081754 0.5598097 0.04607161
0.0921771 -0.02090773 -0.02090773 0.04978731 0.01851018 0.0921771 0.04221619 0.0921771 0.04330013 -0.06844829 0.1192965 0.06617578 -0.02090773 0.0977878 -0.01867549 0.0459246 0.04082318 0.0921771 0.04221619 -0.06844829 0.007318279 0.1040624 0.0977878 0.0977878 0.04221619 -0.02090773 0.04823944 0.1437111 0.04777658 0.05425746 0.05346492 0.1167125 0.06686928 0.06212373 0.04610625 0.08256306 0.05599668 0.01964087 1 0.03781416 -0.03608039 0.09970398 -0.009931236 0.1094389 0.01920235 0.001862389 -0.03606557 0.01667532 0.2313842 0.03636126 0.1148297 0.08279756 0.1178712 0.03115361 0.03414534 0.07963701 -0.01982156 0.03414534 0.07873611 -0.01982156 0.07738625 0.03742693
-0.03736915 -0.04656025 0.05633382 0.4271066 0.2479365 -0.03736915 0.4514682 -0.03736915 0.4248745 -0.2189153 -0.04143174 0.4420027 -0.04656025 -0.03226155 -0.0645663 0.4631145 0.4471327 -0.03736915 0.4514682 -0.2189153 -0.06944163 -0.05131975 -0.05577526 -0.05577526 0.4813475 -0.07228376 0.5001607 -0.110589 0.4868145 0.4839155 0.09155524 0.009090525 0.06614208 -0.07238481 0.5127137 0.04684772 0.4871813 0.6261868 0.03781416 1 -0.2036722 0.6966244 0.1100193 0.5680558 -0.006365698 0.6188578 -0.1093877 0.6023499 -0.003291981 0.5412616 -0.02535735 0.5134238 -0.1269073 -0.08575691 -0.08258194 0.5268311 -0.06852861 -0.08258194 0.5239207 -0.06852861 0.5195748 -0.07928897
-0.0006655669 -0.04964782 -0.01775541 0.1967896 -0.03982028 -0.0006655669 0.1848327 -0.0006655669 0.1410317 -0.03065176 -0.0134735 0.191392 -0.04964782 0.003845997 -0.04434712 0.1933136 0.1890785 -0.0006655669 0.1922417 -0.03065176 0.1590011 0.0391798 0.06215132 0.06215132 0.2070596 -0.01775541 0.2059931 -0.07595761 0.2049321 0.1905317 0.1862713 0.2111344 0.2393981 0.02438184 0.1703237 0.08475907 0.1790762 0.008957917 -0.03608039 -0.2036722 1 -0.162159 0.09036977 -0.007592575 0.047538 -0.0523949 0.1799431 0.06115372 0.04067002 0.1458143 0.003199594 0.1788756 0.1554702 0.02217731 0.02736219 0.2154755 -0.0134735 0.02736219 0.2207221 -0.0134735 0.2175598 0.03299866
-0.008388891 -0.04187526 0.0901607 0.3980247 0.2813968 -0.008388891 0.4210911 -0.008388891 0.3613773 -0.2144447 -0.03691812 0.4192783 -0.04187526 -0.002483924 -0.06099219 0.4321134 0.4169871 -0.008388891 0.4210911 -0.2144447 -0.01196857 -0.04646804 -0.05076122 -0.05076122 0.4578991 -0.06828245 0.4756517 -0.1044672 0.4620719 0.4452465 0.0690215 0.1171242 0.06949512 -0.08082365 0.4729799 0.07563295 0.4139436 0.5807465 0.09970398 0.6966244 -0.162159 1 0.1118714 0.5646991 0.0595005 0.5364108 -0.08637116 0.5328062 2.990686e-05 0.5086671 -0.0154542 0.4820928 -0.104428 -0.05863171 -0.05480334 0.4966954 -0.06473516 -0.05480334 0.4939454 -0.06473516 0.4898388 -0.05076122
0.05825755 -0.02764914 0.02346805 0.1288016 0.02199197 0.05825755 0.1147088 0.05825755 0.08496718 -0.05528717 0.08147976 0.14191 -0.02764914 0.06312311 -0.02469714 0.1193865 0.124853 0.05825755 0.1147088 -0.05528717 0.1151631 0.1172947 0.109849 0.1565749 0.1028337 -0.02764914 0.1105172 -0.04230119 0.1099246 0.1182543 0.07545726 0.116092 0.07849186 0.09502636 0.08047516 0.10449 0.1635076 0.1829046 -0.009931236 0.1100193 0.09036977 0.1118714 1 0.2851614 0.0362758 0.1804573 -0.04769442 0.1311324 0.06281237 0.13076 -0.01993048 0.1629207 0.1608631 0.1837867 0.1930263 0.1117034 -0.02621276 0.1930263 0.09871338 -0.02621276 0.09692138 0.2033008
0.1112214 -0.05143155 0.07416483 0.4401181 0.1471968 0.1112214 0.4135182 0.1112214 0.2882351 -0.1900191 0.08618816 0.4549144 -0.05143155 0.1226828 0.1559961 0.379596 0.4146698 0.1332968 0.4135182 -0.1900191 -0.01454268 0.1113896 0.1226828 0.1226828 0.4193536 0.1244034 0.399216 -0.1004083 0.4266287 0.4259684 0.1607175 0.0973683 0.0836663 0.001858069 0.3988202 0.09237102 0.4343756 0.5513983 0.1094389 0.5680558 -0.007592575 0.5646991 0.2851614 1 -0.01448827 0.6109546 -0.1171077 0.5507552 0.1005361 0.4500205 0.1382417 0.5293213 0.04200692 0.1433339 0.1332968 0.4198119 0.1655692 0.1332968 0.410817 0.1655692 0.4060309 0.1456442
-0.02118108 -0.01853975 -0.01853975 0.03981032 0.03440336 -0.02118108 0.06392467 -0.02118108 0.04050593 -0.009718075 -0.0175766 0.0579587 -0.01853975 -0.02033648 -0.01656033 0.06711122 0.06273109 -0.02118108 0.06392467 -0.009718075 0.06251866 -0.01945766 -0.02033648 -0.02033648 0.06392467 -0.01853975 0.06910692 -0.02836448 0.05162076 0.02332266 0.1436986 0.2012391 0.1383884 -0.0132027 0.04652816 0.02566455 0.05528229 0.039622 0.01920235 -0.006365698 0.047538 0.0595005 0.0362758 -0.01448827 1 -0.00433804 -0.03198084 0.01978595 0.0490869 0.03083568 0.05211139 0.07271081 0.09730704 -0.02199541 -0.02118108 0.06990636 -0.0175766 -0.02118108 0.06910692 -0.0175766 0.06790904 -0.02033648
-0.0274864 -0.00701527 0.06683993 0.4365998 0.166203 -0.0274864 0.4642596 -0.0274864 0.4280267 -0.1884015 -0.05073649 0.462905 -0.00701527 -0.02119725 -0.07223624 0.4774464 0.4650729 -0.0274864 0.4699787 -0.1884015 -0.02378165 -0.06138599 -0.04370078 -0.06620431 0.5214507 -0.08087047 0.5426012 -0.09097438 0.5352722 0.5415601 0.1587269 0.1163018 0.1294142 -0.08412673 0.5390128 0.1362232 0.4863272 0.5673531 0.001862389 0.6188578 -0.0523949 0.5364108 0.1804573 0.6109546 -0.00433804 1 -0.007708175 0.6685205 -0.09565973 0.6507659 -0.08769773 0.5914903 -0.09876072 -0.09594411 -0.09239199 0.5799739 -0.07666923 -0.09239199 0.5767102 -0.07666923 0.5718359 -0.08870784
0.0266264 -0.02306133 -0.02306133 0.1008762 0.09958524 0.0266264 0.08098902 0.0266264 0.1010647 -0.05472638 0.0416324 0.08770435 -0.02306133 0.02980307 -0.02059916 0.08494706 0.07950667 0.0266264 0.08098902 -0.05472638 -0.03758948 -0.02420312 -0.02529627 -0.02529627 0.1089953 -0.02306133 0.1152646 -0.03528219 0.11478 0.1216085 0.1822848 0.1181773 0.1850926 -0.05796338 0.129047 -0.003038018 0.1259737 -0.09450517 -0.03606557 -0.1093877 0.1799431 -0.08637116 -0.04769442 -0.1171077 -0.03198084 -0.007708175 1 -0.1253677 0.04607952 0.09630685 0.06299294 0.07803251 -0.04048836 -0.02735979 -0.02634685 0.1162353 -0.02186329 -0.02634685 0.1152646 -0.02186329 0.113812 -0.02529627
-0.04887226 -0.0734872 0.0674149 0.5408249 0.2035129 -0.04887226 0.5738218 -0.04887226 0.5083133 -0.2527236 -0.04245833 0.5611854 -0.0734872 -0.04196971 -0.08661768 0.5895681 0.5679556 -0.04887226 0.5738218 -0.2527236 0.07749586 -0.05696038 -0.063436 -0.063436 0.5847329 -0.09697089 0.6103371 -0.07025338 0.5920765 0.5824459 0.1540728 0.07206264 0.1092457 -0.07652533 0.5704371 0.1133514 0.5134423 0.5743845 0.01667532 0.6023499 0.06115372 0.5328062 0.1311324 0.5507552 0.01978595 0.6685205 -0.1253677 1 -0.1708521 0.7875187 -0.1596541 0.6877843 0.02215607 -0.1150455 -0.1107862 0.673919 -0.09193323 -0.1107862 0.6808336 -0.09193323 0.6749753 -0.1063686
0.2295564 -0.03328236 -0.03328236 0.1353809 0.04216098 0.2295564 0.06636059 0.2295564 0.05652016 -0.09397122 0.2433597 0.1367675 -0.03328236 0.241812 -0.02972893 0.07226714 0.06414177 0.2677822 0.05625587 -0.09397122 0.000287796 0.2970709 0.321332 0.321332 0.07646532 0.01021424 0.08599802 0.0358804 0.0752167 0.08553774 0.05679636 0.07082695 0.07684813 0.03317621 0.07671415 0.04354989 0.1023776 0.08602788 0.2313842 -0.003291981 0.04067002 2.990686e-05 0.06281237 0.1005361 0.0490869 -0.09565973 0.04607952 -0.1708521 1 -0.1688909 0.4918509 0.1226272 0.1706653 0.3291144 0.306008 0.107536 -0.03155334 0.306008 0.1060863 -0.03155334 0.103913 0.321332
-0.04630282 -0.08858558 0.0502453 0.6379001 0.2452347 -0.04630282 0.6757723 -0.04630282 0.612894 -0.2940009 -0.05717235 0.6694284 -0.08858558 -0.03794856 -0.09979571 0.6938579 0.6744204 -0.04630282 0.6811476 -0.2940009 0.1080093 -0.07310271 -0.0590993 -0.08025004 0.7295254 -0.08858558 0.7533473 -0.1709298 0.7296994 0.7140262 0.2663346 0.166106 0.2696026 -0.07588212 0.7124927 0.07995133 0.6161265 0.5473024 0.03636126 0.5412616 0.1458143 0.5086671 0.13076 0.4500205 0.03083568 0.6507659 0.09630685 0.7875187 -0.1688909 1 -0.1728709 0.8165133 -0.006574125 -0.1325486 -0.1276413 0.8219565 -0.10592 -0.1276413 0.8281506 -0.10592 0.8214568 -0.1225515
0.1266415 -0.02387607 -0.02387607 0.1493086 -0.04417953 0.1266415 0.1165873 0.1266415 0.01780518 -0.07816614 0.1618574 0.1502367 -0.02387607 0.1339067 0.5001505 0.01247657 0.1151041 0.1266415 0.1165873 -0.07816614 -0.002317667 0.1420454 0.1339067 0.1339067 0.1165873 0.3847898 0.02868752 -0.03652867 0.1225556 0.1296061 0.1859168 0.06542601 0.07068758 0.01704096 0.1239285 0.03530907 0.1350195 -0.02110611 0.1148297 -0.02535735 0.003199594 -0.0154542 -0.01993048 0.1382417 0.05211139 -0.08769773 0.06299294 -0.1596541 0.4918509 -0.1728709 1 0.1678861 0.02641334 0.07062016 0.07533509 0.02976603 0.5308437 0.07533509 0.02868752 0.5308437 0.02706797 0.08054117
0.03401355 -0.1083577 0.03156587 0.7622052 0.2481705 0.03401355 0.7633988 0.03401355 0.6266205 -0.3426895 0.02255632 0.7837946 -0.1083577 0.02609811 0.09068792 0.7416673 0.7608342 0.03401355 0.7633988 -0.3426895 0.1216278 0.03980377 0.04741532 0.04741532 0.8067397 0.07820705 0.7983508 -0.2014583 0.8010294 0.7803129 0.3519055 0.2107716 0.2873906 -0.03937592 0.7850776 0.1516226 0.7235212 0.5889522 0.08279756 0.5134238 0.1788756 0.4820928 0.1629207 0.5293213 0.07271081 0.5914903 0.07803251 0.6877843 0.1226272 0.8165133 0.1678861 1 0.1646024 0.06116439 0.0545082 0.8575869 0.09625326 0.0545082 0.8575873 0.09625326 0.849547 0.06873253
0.1816589 -0.02347168 0.03583343 0.1602444 -0.06576565 0.1816589 0.09905778 0.1816589 -0.05627881 -0.07684223 0.227633 0.1472438 -0.02347168 0.1910953 -0.0209657 0.1030223 0.0975752 0.1816589 0.08528057 -0.07684223 0.4822512 0.3148644 0.2995162 0.3537266 0.05772615 -0.02347168 0.06442609 -0.03590998 0.06391075 0.0302443 -0.006154924 0.1140285 0.04047825 0.2588994 0.03818445 0.2125068 0.1305492 0.01171122 0.1178712 -0.1269073 0.1554702 -0.104428 0.1608631 0.04200692 0.09730704 -0.09876072 -0.04048836 0.02215607 0.1706653 -0.006574125 0.02641334 0.1646024 1 0.5249751 0.5464894 0.02440644 -0.02225232 0.5464894 0.02334226 -0.02225232 0.02174394 0.5705684
0.3592247 -0.01586086 -0.01586086 0.1082843 -0.04444079 0.3592247 -0.026161 0.3592247 -0.06024076 -0.05192573 0.3468031 0.08876781 -0.01586086 0.3750921 -0.01416746 -0.02312402 -0.02730928 0.4346938 -0.04611073 -0.05192573 0.0279836 0.4749555 0.4535901 0.5320881 -0.06606046 0.07001437 -0.06090308 -0.02426598 -0.0612949 -0.05587571 -0.02332415 0.02017411 0.03403151 0.14804 -0.0698671 0.04686058 0.05554783 0.04650319 0.03115361 -0.08575691 0.02217731 -0.05863171 0.1837867 0.1433339 -0.02199541 -0.09594411 -0.02735979 -0.1150455 0.3291144 -0.1325486 0.07062016 0.06116439 0.5249751 1 0.9629772 -0.1591919 -0.01503689 0.9629772 -0.1600537 -0.01503689 -0.1613579 0.9245782
0.3738771 -0.01527365 -0.01527365 0.1042753 -0.04279546 0.3738771 -0.01484798 0.3738771 -0.05220368 -0.05000329 0.3607668 0.08399088 -0.01527365 0.3902789 -0.01364294 -0.01196322 -0.01593748 0.3738771 -0.0355369 -0.05000329 0.03093551 0.4937868 0.4716855 0.553092 -0.05622582 -0.01527365 -0.05130368 -0.02336758 -0.05167793 -0.04649724 -0.0189115 0.02428882 0.04019228 0.1575093 -0.06145568 0.0521359 0.06801156 0.05660985 0.03414534 -0.08258194 0.02736219 -0.05480334 0.1930263 0.1332968 -0.02118108 -0.09239199 -0.02634685 -0.1107862 0.306008 -0.1276413 0.07533509 0.0545082 0.5464894 0.9629772 1 -0.1532981 -0.01448018 1 -0.1541281 -0.01448018 -0.155384 0.9601248
-0.03000903 -0.1108 0.02948908 0.7624811 0.2518678 -0.03000903 0.7971379 -0.03000903 0.7107668 -0.3506537 -0.02869146 0.7951873 -0.1108 -0.018948 -0.1198554 0.8189145 0.7944659 -0.03000903 0.8025697 -0.3506537 0.1330842 -0.05159165 -0.04032089 -0.06169378 0.8514557 -0.1108 0.881232 -0.205288 0.8406897 0.8204203 0.3496495 0.2408728 0.3473258 -0.09390189 0.8097313 0.1541036 0.6796021 0.5696485 0.07963701 0.5268311 0.2154755 0.4966954 0.1117034 0.4198119 0.06990636 0.5799739 0.1162353 0.673919 0.107536 0.8219565 0.02976603 0.8575869 0.02440644 -0.1591919 -0.1532981 1 -0.1272107 -0.1532981 0.9892162 -0.1272107 0.98117 -0.1471853
-0.01448018 -0.01267446 -0.01267446 0.08653034 -0.03551277 -0.01448018 0.09068792 -0.01448018 -0.08641987 -0.04149401 -0.01201602 0.08701371 -0.01267446 -0.01390278 0.9421803 -0.1049395 0.08994586 -0.01448018 0.09068792 -0.04149401 -0.0206591 -0.01330198 -0.01390278 -0.01390278 0.06588942 0.7345555 -0.1032496 -0.01939102 0.06903529 0.07275754 0.1515261 -0.03632458 -0.05285801 0.06453973 0.07682234 0.001034636 0.0826784 -0.04081754 -0.01982156 -0.06852861 -0.0134735 -0.06473516 -0.02621276 0.1655692 -0.0175766 -0.07666923 -0.02186329 -0.09193323 -0.03155334 -0.10592 0.5308437 0.09625326 -0.02225232 -0.01503689 -0.01448018 -0.1272107 1 -0.01448018 -0.1278994 1 -0.1289416 -0.01390278
0.3738771 -0.01527365 -0.01527365 0.1042753 -0.04279546 0.3738771 -0.01484798 0.3738771 -0.05220368 -0.05000329 0.3607668 0.08399088 -0.01527365 0.3902789 -0.01364294 -0.01196322 -0.01593748 0.3738771 -0.0355369 -0.05000329 0.03093551 0.4937868 0.4716855 0.553092 -0.05622582 -0.01527365 -0.05130368 -0.02336758 -0.05167793 -0.04649724 -0.0189115 0.02428882 0.04019228 0.1575093 -0.06145568 0.0521359 0.06801156 0.05660985 0.03414534 -0.08258194 0.02736219 -0.05480334 0.1930263 0.1332968 -0.02118108 -0.09239199 -0.02634685 -0.1107862 0.306008 -0.1276413 0.07533509 0.0545082 0.5464894 0.9629772 1 -0.1532981 -0.01448018 1 -0.1541281 -0.01448018 -0.155384 0.9601248
-0.0307388 -0.1115074 0.02889561 0.7563358 0.2503424 -0.0307388 0.7913309 -0.0307388 0.7059476 -0.3448957 -0.02930012 0.7891061 -0.1115074 -0.01964066 -0.1205043 0.8132643 0.7886034 -0.0307388 0.7967671 -0.3448957 0.1321859 -0.05228155 -0.04103091 -0.06242116 0.851129 -0.1115074 0.8811209 -0.2063994 0.8405311 0.8204482 0.3406325 0.239299 0.3382085 -0.08821531 0.8046083 0.1609649 0.6746859 0.5657055 0.07873611 0.5239207 0.2207221 0.4939454 0.09871338 0.410817 0.06910692 0.5767102 0.1152646 0.6808336 0.1060863 0.8281506 0.02868752 0.8575873 0.02334226 -0.1600537 -0.1541281 0.9892162 -0.1278994 -0.1541281 1 -0.1278994 0.9919172 -0.1479822
-0.01448018 -0.01267446 -0.01267446 0.08653034 -0.03551277 -0.01448018 0.09068792 -0.01448018 -0.08641987 -0.04149401 -0.01201602 0.08701371 -0.01267446 -0.01390278 0.9421803 -0.1049395 0.08994586 -0.01448018 0.09068792 -0.04149401 -0.0206591 -0.01330198 -0.01390278 -0.01390278 0.06588942 0.7345555 -0.1032496 -0.01939102 0.06903529 0.07275754 0.1515261 -0.03632458 -0.05285801 0.06453973 0.07682234 0.001034636 0.0826784 -0.04081754 -0.01982156 -0.06852861 -0.0134735 -0.06473516 -0.02621276 0.1655692 -0.0175766 -0.07666923 -0.02186329 -0.09193323 -0.03155334 -0.10592 0.5308437 0.09625326 -0.02225232 -0.01503689 -0.01448018 -0.1272107 1 -0.01448018 -0.1278994 1 -0.1289416 -0.01390278
