1 -0.06500393 0.1512254 -0.1793771 0.6722837 0.3733002 0.6722837 -0.06010122 0.9244902 0.9955925 -0.06010122 0.6722837 -0.148762 -0.06010122 0.3291231 -0.0396838 -0.06010122 0.8453945 0.5845071 0.7213903 -0.1202366 0.3515439 -0.170632 0.1845866 0.2179477 0.3515439 0.3415176 -0.03603175 0.5845071 0.5824355 -0.175033 0.5507849 -0.05194484 0.4046282 0.5779975 0.8189029 0.5676227
-0.06500393 1 -0.01416746 -0.05192573 0.1967147 -0.02426598 0.1967147 0.9245782 0.2750321 -0.06471743 0.9245782 0.1967147 -0.04306332 0.9245782 -0.02139429 0.8544547 0.9245782 -0.0562171 0.2078407 -0.03069974 -0.07655083 -0.02533352 -0.0493942 -0.01416746 -0.01416746 -0.02533352 -0.02585287 0.3086913 0.1652154 0.2071939 0.009624568 0.2065506 0.07542311 0.1024046 0.2104646 0.239977 0.2071939
0.1512254 -0.01416746 1 0.03888907 0.1481063 -0.01826983 0.1481063 -0.01309892 0.1424256 0.152003 -0.01309892 0.1481063 0.05793108 -0.01309892 -0.01610775 -0.01416746 -0.01309892 0.1416361 0.1284021 0.1362548 -0.05763505 -0.01907359 0.04381445 -0.01066667 -0.01066667 -0.01907359 -0.0194646 0.02368194 0.1284021 0.1279493 0.0412921 0.1274989 -0.01132126 0.06189163 0.1302369 0.1185482 0.1279493
-0.1793771 -0.05192573 0.03888907 1 0.5428306 -0.06696152 0.5428306 -0.0480094 -0.1887988 -0.1785865 -0.0480094 0.5428306 0.8293252 -0.0480094 -0.05903716 -0.05192573 -0.0480094 -0.1324186 0.5561985 -0.1267632 -0.2018768 -0.06990738 0.9512471 -0.03909484 -0.03909484 -0.06990738 -0.0713405 0.7981416 0.5561985 0.5544347 0.9267445 0.5526806 0.03207899 0.3076187 0.5198001 -0.116633 0.5284654
0.6722837 0.1967147 0.1481063 0.5428306 1 0.2536761 1 0.1818781 0.7152426 0.6765547 0.1818781 1 0.4501831 0.1818781 0.2236555 0.1967147 0.1818781 0.579679 0.9342363 0.4967291 -0.2635979 0.2333466 0.516366 0.1205905 0.1205905 0.2333466 0.2239167 0.6220996 0.922004 0.9249887 0.5123819 0.9035699 0.001438388 0.5724704 0.9039347 0.6619816 0.900554
0.3733002 -0.02426598 -0.01826983 -0.06696152 0.2536761 1 0.2536761 -0.02243579 0.3354148 0.3749528 -0.02243579 0.2536761 -0.05553288 -0.02243579 -0.0275893 -0.02426598 -0.02243579 0.3878091 0.2680238 -0.07481069 -0.08064285 0.9147939 -0.06369695 0.1322577 0.5085766 0.9147939 0.8963595 0.2944496 0.2512943 0.2504806 -0.06533983 0.1829161 -0.01939102 0.2830686 0.2545943 0.335091 0.2504806
0.6722837 0.1967147 0.1481063 0.5428306 1 0.2536761 1 0.1818781 0.7152426 0.6765547 0.1818781 1 0.4501831 0.1818781 0.2236555 0.1967147 0.1818781 0.579679 0.9342363 0.4967291 -0.2635979 0.2333466 0.516366 0.1205905 0.1205905 0.2333466 0.2239167 0.6220996 0.922004 0.9249887 0.5123819 0.9035699 0.001438388 0.5724704 0.9039347 0.6619816 0.900554
-0.06010122 0.9245782 -0.01309892 -0.0480094 0.1818781 -0.02243579 0.1818781 1 0.2542887 -0.05983632 1 0.1818781 -0.0398154 1 -0.0197807 0.9245782 1 -0.05197711 0.192165 -0.05363702 -0.07077723 -0.02342282 -0.0456688 -0.01309892 -0.01309892 -0.02342282 -0.023903 0.2854093 0.1461861 0.1915669 0.01818956 0.1909722 -0.01390278 0.1195833 0.194591 0.2688299 0.1915669
0.9244902 0.2750321 0.1424256 -0.1887988 0.7152426 0.3354148 0.7152426 0.2542887 1 0.9287904 0.2542887 0.7152426 -0.1565756 0.2542887 0.3126988 0.2750321 0.2542887 0.7746013 0.6263724 0.6821778 -0.1386141 0.3147883 -0.1795943 0.1747485 0.1747485 0.3147883 0.3052707 0.07208717 0.6120031 0.6170025 -0.1639013 0.5933269 -0.02417851 0.4021696 0.6208236 0.860314 0.6098266
0.9955925 -0.06471743 0.152003 -0.1785865 0.6765547 0.3749528 0.6765547 -0.05983632 0.9287904 1 -0.05983632 0.6765547 -0.1481063 -0.05983632 0.3305801 -0.03932622 -0.05983632 0.8394254 0.5809679 0.724861 -0.1186663 0.334019 -0.1698799 0.1854578 0.1854578 0.334019 0.3243364 -0.04382617 0.5809679 0.5789066 -0.1742615 0.5471832 -0.05171589 0.3978418 0.5743746 0.8139551 0.5640523
-0.06010122 0.9245782 -0.01309892 -0.0480094 0.1818781 -0.02243579 0.1818781 1 0.2542887 -0.05983632 1 0.1818781 -0.0398154 1 -0.0197807 0.9245782 1 -0.05197711 0.192165 -0.05363702 -0.07077723 -0.02342282 -0.0456688 -0.01309892 -0.01309892 -0.02342282 -0.023903 0.2854093 0.1461861 0.1915669 0.01818956 0.1909722 -0.01390278 0.1195833 0.194591 0.2688299 0.1915669
0.6722837 0.1967147 0.1481063 0.5428306 1 0.2536761 1 0.1818781 0.7152426 0.6765547 0.1818781 1 0.4501831 0.1818781 0.2236555 0.1967147 0.1818781 0.579679 0.9342363 0.4967291 -0.2635979 0.2333466 0.516366 0.1205905 0.1205905 0.2333466 0.2239167 0.6220996 0.922004 0.9249887 0.5123819 0.9035699 0.001438388 0.5724704 0.9039347 0.6619816 0.900554
-0.148762 -0.04306332 0.05793108 0.8293252 0.4501831 -0.05553288 0.4501831 -0.0398154 -0.1565756 -0.1481063 -0.0398154 0.4501831 1 -0.0398154 -0.048961 -0.04306332 -0.0398154 -0.1286533 0.475645 -0.1198931 -0.1751871 -0.05797596 0.813896 -0.03242233 -0.03242233 -0.05797596 -0.05916448 0.694002 0.475645 0.4741647 0.793093 0.4726926 -0.03441203 0.1690902 0.4311896 -0.1002527 0.4541057
-0.06010122 0.9245782 -0.01309892 -0.0480094 0.1818781 -0.02243579 0.1818781 1 0.2542887 -0.05983632 1 0.1818781 -0.0398154 1 -0.0197807 0.9245782 1 -0.05197711 0.192165 -0.05363702 -0.07077723 -0.02342282 -0.0456688 -0.01309892 -0.01309892 -0.02342282 -0.023903 0.2854093 0.1461861 0.1915669 0.01818956 0.1909722 -0.01390278 0.1195833 0.194591 0.2688299 0.1915669
0.3291231 -0.02139429 -0.01610775 -0.05903716 0.2236555 -0.0275893 0.2236555 -0.0197807 0.3126988 0.3305801 -0.0197807 0.2236555 -0.048961 -0.0197807 1 -0.02139429 -0.0197807 -0.06391625 -0.08408928 -0.04180491 0.2591164 -0.02880305 -0.05615892 -0.01610775 -0.01610775 -0.02880305 -0.02939352 -0.06930643 -0.06524254 -0.0656099 -0.05760739 -0.06597701 -0.01709625 -0.01966973 -0.06377031 -0.02867397 -0.0656099
-0.0396838 0.8544547 -0.01416746 -0.05192573 0.1967147 -0.02426598 0.1967147 0.9245782 0.2750321 -0.03932622 0.9245782 0.1967147 -0.04306332 0.9245782 -0.02139429 1 0.9245782 -0.02829275 0.2078407 -0.03069974 -0.07655083 0.02953165 -0.0493942 -0.01416746 -0.01416746 0.02953165 0.0279836 0.2822878 0.1652154 0.1859072 0.009624568 0.2065506 -0.01503689 0.1293383 0.2104646 0.2907595 0.2071939
-0.06010122 0.9245782 -0.01309892 -0.0480094 0.1818781 -0.02243579 0.1818781 1 0.2542887 -0.05983632 1 0.1818781 -0.0398154 1 -0.0197807 0.9245782 1 -0.05197711 0.192165 -0.05363702 -0.07077723 -0.02342282 -0.0456688 -0.01309892 -0.01309892 -0.02342282 -0.023903 0.2854093 0.1461861 0.1915669 0.01818956 0.1909722 -0.01390278 0.1195833 0.194591 0.2688299 0.1915669
0.8453945 -0.0562171 0.1416361 -0.1324186 0.579679 0.3878091 0.579679 -0.05197711 0.7746013 0.8394254 -0.05197711 0.579679 -0.1286533 -0.05197711 -0.06391625 -0.02829275 -0.05197711 1 0.6209319 0.7384833 -0.2198629 0.3664257 -0.147567 0.1784285 0.2520133 0.3664257 0.3565847 -0.009877612 0.6127538 0.6108313 -0.1513731 0.5762864 -0.04492326 0.3709004 0.6041137 0.8296823 0.594495
0.5845071 0.2078407 0.1284021 0.5561985 0.9342363 0.2680238 0.9342363 0.192165 0.6263724 0.5809679 0.192165 0.9342363 0.475645 0.192165 -0.08408928 0.2078407 0.192165 0.6209319 1 0.5287761 -0.3548278 0.2637469 0.5455712 0.1284021 0.1564831 0.2637469 0.2540175 0.6655635 0.9750329 0.9781853 0.5419849 0.9564331 0.007129961 0.5986313 0.9561674 0.6999476 0.9532488
0.7213903 -0.03069974 0.1362548 -0.1267632 0.4967291 -0.07481069 0.4967291 -0.05363702 0.6821778 0.724861 -0.05363702 0.4967291 -0.1198931 -0.05363702 -0.04180491 -0.03069974 -0.05363702 0.7384833 0.5287761 1 -0.236002 -0.07810187 -0.1522796 0.1362548 -0.0436775 -0.07810187 -0.07970298 -0.1780206 0.5287761 0.5269186 -0.1562073 0.5490093 -0.0463579 0.2723854 0.5202263 0.7343907 0.5349078
-0.1202366 -0.07655083 -0.05763505 -0.2018768 -0.2635979 -0.08064285 -0.2635979 -0.07077723 -0.1386141 -0.1186663 -0.07077723 -0.2635979 -0.1751871 -0.07077723 0.2591164 -0.07655083 -0.07077723 -0.2198629 -0.3548278 -0.236002 1 -0.1030601 -0.200942 -0.0272966 -0.05763505 -0.1030601 -0.08813841 -0.247985 -0.3615714 -0.3627294 -0.2061247 -0.3638882 0.02469536 -0.2067333 -0.3501683 -0.2552449 -0.3425235
0.3515439 -0.02533352 -0.01907359 -0.06990738 0.2333466 0.9147939 0.2333466 -0.02342282 0.3147883 0.334019 -0.02342282 0.2333466 -0.05797596 -0.02342282 -0.02880305 0.02953165 -0.02342282 0.3664257 0.2637469 -0.07810187 -0.1030601 1 -0.06649919 0.1255042 0.5592376 1 0.9799116 0.3160583 0.279815 0.2628956 -0.06821436 0.2139616 -0.02024409 0.2858103 0.2833476 0.3723051 0.2789442
-0.170632 -0.0493942 0.04381445 0.9512471 0.516366 -0.06369695 0.516366 -0.0456688 -0.1795943 -0.1698799 -0.0456688 0.516366 0.813896 -0.0456688 -0.05615892 -0.0493942 -0.0456688 -0.147567 0.5455712 -0.1522796 -0.200942 -0.06649919 1 -0.03718885 -0.03718885 -0.06649919 -0.06786244 0.8102988 0.5455712 0.5438732 0.9748563 0.5421847 0.03695055 0.3338178 0.5072204 -0.1698799 0.5168984
0.1845866 -0.01416746 -0.01066667 -0.03909484 0.1205905 0.1322577 0.1205905 -0.01309892 0.1747485 0.1854578 -0.01309892 0.1205905 -0.03242233 -0.01309892 -0.01610775 -0.01416746 -0.01309892 0.1784285 0.1284021 0.1362548 -0.0272966 0.1255042 -0.03718885 1 0.242 0.1255042 0.1224024 0.02368194 0.1284021 0.1279493 -0.03814803 0.1274989 -0.01132126 0.2038398 0.1302369 0.1854578 0.1279493
0.2179477 -0.01416746 -0.01066667 -0.03909484 0.1205905 0.5085766 0.1205905 -0.01309892 0.1747485 0.1854578 -0.01309892 0.1205905 -0.03242233 -0.01309892 -0.01610775 -0.01416746 -0.01309892 0.2520133 0.1564831 -0.0436775 -0.05763505 0.5592376 -0.03718885 0.242 1 0.5592376 0.5480034 0.2324134 0.1564831 0.1559961 -0.03814803 0.1555118 -0.01132126 0.2393268 0.1584587 0.2189126 0.1559961
0.3515439 -0.02533352 -0.01907359 -0.06990738 0.2333466 0.9147939 0.2333466 -0.02342282 0.3147883 0.334019 -0.02342282 0.2333466 -0.05797596 -0.02342282 -0.02880305 0.02953165 -0.02342282 0.3664257 0.2637469 -0.07810187 -0.1030601 1 -0.06649919 0.1255042 0.5592376 1 0.9799116 0.3160583 0.279815 0.2628956 -0.06821436 0.2139616 -0.02024409 0.2858103 0.2833476 0.3723051 0.2789442
0.3415176 -0.02585287 -0.0194646 -0.0713405 0.2239167 0.8963595 0.2239167 -0.023903 0.3052707 0.3243364 -0.023903 0.2239167 -0.05916448 -0.023903 -0.02939352 0.0279836 -0.023903 0.3565847 0.2540175 -0.07970298 -0.08813841 0.9799116 -0.06786244 0.1224024 0.5480034 0.9799116 1 0.3069112 0.2697844 0.2531673 -0.06961277 0.2051358 -0.0206591 0.2773233 0.2733104 0.3619047 0.268915
-0.03603175 0.3086913 0.02368194 0.7981416 0.6220996 0.2944496 0.6220996 0.2854093 0.07208717 -0.04382617 0.2854093 0.6220996 0.694002 0.2854093 -0.06930643 0.2822878 0.2854093 -0.009877612 0.6655635 -0.1780206 -0.247985 0.3160583 0.8102988 0.02368194 0.2324134 0.3160583 0.3069112 1 0.6500981 0.6557543 0.8093227 0.6305473 0.04975091 0.4336471 0.6351677 0.1127861 0.6403077
0.5845071 0.1652154 0.1284021 0.5561985 0.922004 0.2512943 0.922004 0.1461861 0.6120031 0.5809679 0.1461861 0.922004 0.475645 0.1461861 -0.06524254 0.1652154 0.1461861 0.6127538 0.9750329 0.5287761 -0.3615714 0.279815 0.5455712 0.1284021 0.1564831 0.279815 0.2697844 0.6500981 1 0.9906536 0.5419849 0.9688863 0.007129961 0.5986313 0.9687135 0.6999476 0.9532488
0.5824355 0.2071939 0.1279493 0.5544347 0.9249887 0.2504806 0.9249887 0.1915669 0.6170025 0.5789066 0.1915669 0.9249887 0.4741647 0.1915669 -0.0656099 0.1859072 0.1915669 0.6108313 0.9781853 0.5269186 -0.3627294 0.2628956 0.5438732 0.1279493 0.1559961 0.2628956 0.2531673 0.6557543 0.9906536 1 0.5579009 0.9720193 0.006807085 0.5966637 0.9719284 0.7051682 0.9564142
-0.175033 0.009624568 0.0412921 0.9267445 0.5123819 -0.06533983 0.5123819 0.01818956 -0.1639013 -0.1742615 0.01818956 0.5123819 0.793093 0.01818956 -0.05760739 0.009624568 0.01818956 -0.1513731 0.5419849 -0.1562073 -0.2061247 -0.06821436 0.9748563 -0.03814803 -0.03814803 -0.06821436 -0.06961277 0.8093227 0.5419849 0.5579009 1 0.5561688 0.03445776 0.3203695 0.5223425 -0.1532247 0.5138105
0.5507849 0.2065506 0.1274989 0.5526806 0.9035699 0.1829161 0.9035699 0.1909722 0.5933269 0.5471832 0.1909722 0.9035699 0.4726926 0.1909722 -0.06597701 0.2065506 0.1909722 0.5762864 0.9564331 0.5490093 -0.3638882 0.2139616 0.5421847 0.1274989 0.1555118 0.2139616 0.2051358 0.6305473 0.9688863 0.9720193 0.5561688 1 0.006485059 0.586838 0.9501137 0.6807103 0.9533623
-0.05194484 0.07542311 -0.01132126 0.03207899 0.001438388 -0.01939102 0.001438388 -0.01390278 -0.02417851 -0.05171589 -0.01390278 0.001438388 -0.03441203 -0.01390278 -0.01709625 -0.01503689 -0.01390278 -0.04492326 0.007129961 -0.0463579 0.02469536 -0.02024409 0.03695055 -0.01132126 -0.01132126 -0.02024409 -0.0206591 0.04975091 0.007129961 0.006807085 0.03445776 0.006485059 1 0.01965504 0.008430223 -0.05171589 0.006807085
0.4046282 0.1024046 0.06189163 0.3076187 0.5724704 0.2830686 0.5724704 0.1195833 0.4021696 0.3978418 0.1195833 0.5724704 0.1690902 0.1195833 -0.01966973 0.1293383 0.1195833 0.3709004 0.5986313 0.2723854 -0.2067333 0.2858103 0.3338178 0.2038398 0.2393268 0.2858103 0.2773233 0.4336471 0.5986313 0.5966637 0.3203695 0.586838 0.01965504 1 0.6066092 0.444829 0.5887854
0.5779975 0.2104646 0.1302369 0.5198001 0.9039347 0.2545943 0.9039347 0.194591 0.6208236 0.5743746 0.194591 0.9039347 0.4311896 0.194591 -0.06377031 0.2104646 0.194591 0.6041137 0.9561674 0.5202263 -0.3501683 0.2833476 0.5072204 0.1302369 0.1584587 0.2833476 0.2733104 0.6351677 0.9687135 0.9719284 0.5223425 0.9501137 0.008430223 0.6066092 1 0.7238445 0.965663
0.8189029 0.239977 0.1185482 -0.116633 0.6619816 0.335091 0.6619816 0.2688299 0.860314 0.8139551 0.2688299 0.6619816 -0.1002527 0.2688299 -0.02867397 0.2907595 0.2688299 0.8296823 0.6999476 0.7343907 -0.2552449 0.3723051 -0.1698799 0.1854578 0.2189126 0.3723051 0.3619047 0.1127861 0.6999476 0.7051682 -0.1532247 0.6807103 -0.05171589 0.444829 0.7238445 1 0.7125954
0.5676227 0.2071939 0.1279493 0.5284654 0.900554 0.2504806 0.900554 0.1915669 0.6098266 0.5640523 0.1915669 0.900554 0.4541057 0.1915669 -0.0656099 0.2071939 0.1915669 0.594495 0.9532488 0.5349078 -0.3425235 0.2789442 0.5168984 0.1279493 0.1559961 0.2789442 0.268915 0.6403077 0.9532488 0.9564142 0.5138105 0.9533623 0.006807085 0.5887854 0.965663 0.7125954 1
