1 0.6269091 0.5788383 0.6053353 0.2761986 0.2761986 -0.1779814 0.6307942 0.6033689 0.6014124 -0.05531602 -0.04742574 -0.1167182 0.02361859 -0.0847619 -0.09158725 0.3649494 -0.08825168 0.9214111 0.8841013 -0.2431605 0.6519527 0.8948319 -0.2431605 -0.05823995 0.3826986
0.6269091 1 0.9041283 0.9701313 0.1813345 0.1813345 0.5541586 0.9880318 0.9731085 0.9760881 -0.06628258 -0.07223624 0.3634111 0.03597451 0.5747773 -0.1395006 0.236542 -0.13442 0.6400089 0.6081157 0.3767482 0.4667404 0.6226214 0.3903322 -0.08870784 0.248316
0.5788383 0.9041283 1 0.8974088 0.1824245 0.1824245 0.515724 0.897906 0.8944527 0.8915112 -0.07997118 -0.07180462 0.3538062 0.03575956 0.5388106 -0.1239931 0.2380284 -0.103243 0.5989446 0.5612811 0.3464802 0.4504635 0.5747079 0.3532863 -0.0881778 0.2498706
0.6053353 0.9701313 0.8974088 1 0.1857625 0.1857625 0.5676905 0.9759866 0.9908892 0.9878779 -0.06233008 -0.07051437 0.3722851 0.035117 0.5891877 -0.1361753 0.2425777 -0.1312159 0.6557556 0.616812 0.3919772 0.4781376 0.6309622 0.3988273 -0.08659333 0.2546289
0.2761986 0.1813345 0.1824245 0.1857625 1 1 -0.04915821 0.1824245 0.1851989 0.1846383 -0.02529627 -0.01309892 -0.03223741 0.00652342 0.2733385 -0.02529627 -0.02243579 -0.02437499 0.2519356 0.2664719 -0.06716057 0.3526862 0.2749384 -0.06716057 -0.01608579 -0.02342282
0.2761986 0.1813345 0.1824245 0.1857625 1 1 -0.04915821 0.1824245 0.1851989 0.1846383 -0.02529627 -0.01309892 -0.03223741 0.00652342 0.2733385 -0.02529627 -0.02243579 -0.02437499 0.2519356 0.2664719 -0.06716057 0.3526862 0.2749384 -0.06716057 -0.01608579 -0.02342282
-0.1779814 0.5541586 0.515724 0.5676905 -0.04915821 -0.04915821 1 0.5574897 0.5659682 0.5642549 -0.0568953 -0.04003034 0.6557889 0.01993559 0.9260097 -0.07730545 -0.06856384 -0.07449002 -0.1755272 -0.184478 0.7319505 -0.1265293 -0.1787972 0.7319505 -0.04915821 -0.0715802
0.6307942 0.9880318 0.897906 0.9759866 0.1824245 0.1824245 0.5574897 1 0.9850194 0.9819792 -0.06529721 -0.07180462 0.3655955 0.03575956 0.5783255 -0.138667 0.2380284 -0.1336168 0.6438855 0.6193097 0.3805105 0.469546 0.6191092 0.3941226 -0.0881778 0.2498706
0.6033689 0.9731085 0.8944527 0.9908892 0.1851989 0.1851989 0.5659682 0.9850194 1 0.9969728 -0.07757861 -0.07072895 0.3711557 0.03522386 0.5873541 -0.1365897 0.2418098 -0.1316152 0.6537516 0.6293706 0.3900468 0.476687 0.6289616 0.403732 -0.08685684 0.2538258
0.6014124 0.9760881 0.8915112 0.9878779 0.1846383 0.1846383 0.5642549 0.9819792 0.9969728 1 -0.07805775 -0.07094371 0.3700321 0.03533081 0.5855299 -0.1370045 0.2410459 -0.1320148 0.651758 0.6273383 0.3881243 0.475244 0.634403 0.4017945 -0.08712057 0.2530267
-0.05531602 -0.06628258 -0.07997118 -0.06233008 -0.02529627 -0.02529627 -0.0568953 -0.06529721 -0.07757861 -0.07805775 1 -0.02059916 -0.02188975 0.01025863 -0.06417211 -0.003926021 0.004813612 -0.001223874 -0.05372137 -0.05948344 -0.03909579 -0.04179747 -0.05584352 -0.02246582 0.02980307 0.001676599
-0.04742574 -0.07223624 -0.07180462 -0.07051437 -0.01309892 -0.01309892 -0.04003034 -0.07180462 -0.07072895 -0.07094371 -0.02059916 1 -0.02625145 0.005312127 -0.04322885 -0.02059916 -0.01826983 -0.01984895 -0.04677178 -0.04915686 -0.05468995 -0.03371557 -0.04764312 -0.05468995 -0.01309892 -0.01907359
-0.1167182 0.3634111 0.3538062 0.3722851 -0.03223741 -0.03223741 0.6557889 0.3655955 0.3711557 0.3700321 -0.02188975 -0.02625145 1 0.01307353 0.6072668 -0.05069605 -0.0449634 -0.04884972 -0.1151088 -0.1209786 0.480005 -0.08297649 -0.1172532 0.480005 -0.03223741 -0.0469415
0.02361859 0.03597451 0.03575956 0.035117 0.00652342 0.00652342 0.01993559 0.03575956 0.03522386 0.03533081 0.01025863 0.005312127 0.01307353 1 0.02152848 0.01025863 0.009098595 0.009885014 0.0232929 0.0244807 0.02723625 0.01679076 0.02372684 0.02723625 0.00652342 0.009498874
-0.0847619 0.5747773 0.5388106 0.5891877 0.2733385 0.2733385 0.9260097 0.5783255 0.5873541 0.5855299 -0.06417211 -0.04322885 0.6072668 0.02152848 1 -0.08348234 -0.07404225 -0.08044194 -0.09098559 -0.09421941 0.6919142 -0.01108155 -0.08596192 0.6919142 -0.05308607 -0.07729962
-0.09158725 -0.1395006 -0.1239931 -0.1361753 -0.02529627 -0.02529627 -0.07730545 -0.138667 -0.1365897 -0.1370045 -0.003926021 -0.02059916 -0.05069605 0.01025863 -0.08348234 1 -0.03528219 -0.03833173 -0.09032433 -0.09493034 -0.07235574 -0.06511055 -0.09200704 -0.1056157 -0.02529627 -0.03683437
0.3649494 0.236542 0.2380284 0.2425777 -0.02243579 -0.02243579 -0.06856384 0.2380284 0.2418098 0.2410459 0.004813612 -0.01826983 -0.0449634 0.009098595 -0.07404225 -0.03528219 1 -0.03399722 0.3906166 0.371664 -0.09367279 -0.05774793 0.3834727 -0.09367279 -0.02243579 0.9578604
-0.08825168 -0.13442 -0.103243 -0.1312159 -0.02437499 -0.02437499 -0.07449002 -0.1336168 -0.1316152 -0.1320148 -0.001223874 -0.01984895 -0.04884972 0.009885014 -0.08044194 -0.03833173 -0.03399722 1 -0.08703476 -0.09147301 -0.1017692 -0.06273925 -0.08865618 -0.1017692 -0.02437499 -0.03549288
0.9214111 0.6400089 0.5989446 0.6557556 0.2519356 0.2519356 -0.1755272 0.6438855 0.6537516 0.651758 -0.05372137 -0.04677178 -0.1151088 0.0232929 -0.09098559 -0.09032433 0.3906166 -0.08703476 1 0.9514802 -0.2398075 0.7208528 0.9632519 -0.2398075 -0.05743687 0.4078012
0.8841013 0.6081157 0.5612811 0.616812 0.2664719 0.2664719 -0.184478 0.6193097 0.6293706 0.6273383 -0.05948344 -0.04915686 -0.1209786 0.0244807 -0.09421941 -0.09493034 0.371664 -0.09147301 0.9514802 1 -0.2520362 0.6858772 0.9602678 -0.2438158 -0.0603658 0.3880148
-0.2431605 0.3767482 0.3464802 0.3919772 -0.06716057 -0.06716057 0.7319505 0.3805105 0.3900468 0.3881243 -0.03909579 -0.05468995 0.480005 0.02723625 0.6919142 -0.07235574 -0.09367279 -0.1017692 -0.2398075 -0.2520362 1 -0.1728659 -0.244275 0.9691469 -0.06716057 -0.09779377
0.6519527 0.4667404 0.4504635 0.4781376 0.3526862 0.3526862 -0.1265293 0.469546 0.476687 0.475244 -0.04179747 -0.03371557 -0.08297649 0.01679076 -0.01108155 -0.06511055 -0.05774793 -0.06273925 0.7208528 0.6858772 -0.1728659 1 0.7076693 -0.1728659 -0.04140353 -0.06028846
0.8948319 0.6226214 0.5747079 0.6309622 0.2749384 0.2749384 -0.1787972 0.6191092 0.6289616 0.634403 -0.05584352 -0.04764312 -0.1172532 0.02372684 -0.08596192 -0.09200704 0.3834727 -0.08865618 0.9632519 0.9602678 -0.244275 0.7076693 1 -0.244275 -0.05850689 0.400343
-0.2431605 0.3903322 0.3532863 0.3988273 -0.06716057 -0.06716057 0.7319505 0.3941226 0.403732 0.4017945 -0.02246582 -0.05468995 0.480005 0.02723625 0.6919142 -0.1056157 -0.09367279 -0.1017692 -0.2398075 -0.2438158 0.9691469 -0.1728659 -0.244275 1 -0.06716057 -0.09779377
-0.05823995 -0.08870784 -0.0881778 -0.08659333 -0.01608579 -0.01608579 -0.04915821 -0.0881778 -0.08685684 -0.08712057 0.02980307 -0.01309892 -0.03223741 0.00652342 -0.05308607 -0.02529627 -0.02243579 -0.02437499 -0.05743687 -0.0603658 -0.06716057 -0.04140353 -0.05850689 -0.06716057 1 -0.02342282
0.3826986 0.248316 0.2498706 0.2546289 -0.02342282 -0.02342282 -0.0715802 0.2498706 0.2538258 0.2530267 0.001676599 -0.01907359 -0.0469415 0.009498874 -0.07729962 -0.03683437 0.9578604 -0.03549288 0.4078012 0.3880148 -0.09779377 -0.06028846 0.400343 -0.09779377 -0.02342282 1
