1 -0.4214074 0.2836332 0.7168633 0.8379036 -0.4717767 -0.4943569 -0.1114258 0.1483827 0.9389601 0.9649233 0.5480612 -0.106933 -0.1172507 0.9649233 -0.1022691 -0.0923363 0.5476826 0.2022714 -0.08827796 -0.1022691 0.5480612 -0.009862304 0.3445819 0.3445819 0.9675382 -0.1022691 0.5480612 -0.1749724 -0.1022691 -0.1370543
-0.4214074 1 -0.1305729 -0.2740435 -0.3333389 0.7360351 0.7594942 0.0576567 -0.06351944 -0.3992523 -0.3915833 0.2847515 0.01814392 -0.068701 -0.3915833 0.02347036 0.03535542 0.2738177 -0.08658804 0.2062191 0.02347036 0.2847515 0.07724709 0.2063452 0.2063452 -0.4057372 0.02347036 0.2847515 0.3757114 0.02347036 0.2780072
0.2836332 -0.1305729 1 0.4031082 0.4058793 -0.1808241 -0.1803491 0.2360105 -0.04387018 0.3628869 0.2891519 0.2126602 0.2462847 -0.04744885 0.2891519 0.257467 0.2174392 0.1872355 0.2963286 -0.0357242 0.257467 0.2126602 0.2150068 0.1425138 0.1425138 0.2770723 0.257467 0.2126602 -0.04790494 0.257467 -0.05546292
0.7168633 -0.2740435 0.4031082 1 0.8235472 -0.3479995 -0.3679645 0.09906766 -0.09057104 0.7631271 0.7271901 0.477211 0.1086018 -0.0979593 0.7271901 0.1188523 0.09903786 0.463589 0.1424046 -0.07375347 0.1188523 0.477211 0.144626 0.2942232 0.2942232 0.7269487 0.1188523 0.477211 -0.1389486 0.1188523 -0.1145045
0.8379036 -0.3333389 0.4058793 0.8235472 1 -0.4226221 -0.4442244 0.07965306 -0.07985452 0.8776603 0.8468732 0.5290396 0.08939535 -0.1098 0.8468732 0.09984698 0.08171924 0.5165259 0.2159969 -0.02974385 0.09984698 0.5290396 0.1290296 0.3297871 0.3297871 0.8483814 0.09984698 0.5290396 -0.1495335 0.09984698 -0.1283451
-0.4717767 0.7360351 -0.1808241 -0.3479995 -0.4226221 1 0.9543242 -0.04148122 -0.0700035 -0.4911914 -0.4566969 0.3688424 -0.05935702 -0.07571399 -0.4566969 -0.07842414 -0.07291084 0.3722664 -0.09542694 0.1871181 -0.07842414 0.3688424 -0.057005 0.2274089 0.2274089 -0.46923 -0.07842414 0.3688424 0.3769038 -0.07842414 0.1907675
-0.4943569 0.7594942 -0.1803491 -0.3679645 -0.4442244 0.9543242 1 -0.04648644 -0.07335401 -0.5147008 -0.4799116 0.3799065 -0.06375331 -0.07933781 -0.4799116 -0.08217768 -0.0764005 0.3835175 -0.09999426 0.1785713 -0.08217768 0.3799065 -0.05973337 0.2382931 0.2382931 -0.4916883 -0.08217768 0.3799065 0.3713754 -0.08217768 0.2772375
-0.1114258 0.0576567 0.2360105 0.09906766 0.07965306 -0.04148122 -0.04648644 1 -0.01921041 0.1343197 -0.1305185 0.101218 0.9075054 -0.02077748 -0.1305185 0.9380713 0.8721239 0.04449903 -0.02618712 -0.01564335 0.9380713 0.101218 0.5074886 0.06240569 0.06240569 -0.1287664 0.9380713 0.101218 -0.03714468 0.9380713 -0.02428678
0.1483827 -0.06351944 -0.04387018 -0.09057104 -0.07985452 -0.0700035 -0.07335401 -0.01921041 1 0.1425178 0.1471853 0.08475464 -0.01862427 -0.01739798 0.1471853 -0.01802073 -0.01675385 0.08554143 -0.02192773 -0.01309892 -0.01802073 0.08475464 -0.01309892 0.05225526 0.05225526 0.149188 -0.01802073 0.08475464 -0.03110301 -0.01802073 -0.02033648
0.9389601 -0.3992523 0.3628869 0.7631271 0.8776603 -0.4911914 -0.5147008 0.1343197 0.1425178 1 0.9521719 0.5946953 0.1465278 -0.1220759 0.9521719 0.1596611 0.1484367 0.5830248 0.1942765 -0.09191081 0.1596611 0.5946953 0.1160545 0.3666579 0.3666579 0.9552895 0.1596611 0.5946953 -0.1837878 0.1596611 -0.1426944
0.9649233 -0.3915833 0.2891519 0.7271901 0.8468732 -0.4566969 -0.4799116 -0.1305185 0.1471853 0.9521719 1 0.5758361 -0.1265362 -0.1182045 1 -0.1224356 -0.1138283 0.5811817 0.2006392 -0.0889961 -0.1224356 0.5758361 -0.03678322 0.3550303 0.3550303 0.9865761 -0.1224356 0.5758361 -0.1421216 -0.1224356 -0.1381692
0.5480612 0.2847515 0.2126602 0.477211 0.5290396 0.3688424 0.3799065 0.101218 0.08475464 0.5946953 0.5758361 1 0.09812967 -0.2052746 0.5758361 0.09494968 0.08827461 0.9908022 0.1155353 0.06901709 0.09494968 1 0.06901709 0.6165475 0.6165475 0.5681062 0.09494968 1 0.1391881 0.09494968 0.1071512
-0.106933 0.01814392 0.2462847 0.1086018 0.08939535 -0.05935702 -0.06375331 0.9075054 -0.01862427 0.1465278 -0.1265362 0.09812967 1 -0.02014353 -0.1265362 0.967594 0.8995711 0.03964759 -0.02538812 -0.01516605 0.967594 0.09812967 0.5237026 0.0605016 0.0605016 -0.1248376 0.967594 0.09812967 -0.03601134 0.967594 -0.02354575
-0.1172507 -0.068701 -0.04744885 -0.0979593 -0.1098 -0.07571399 -0.07933781 -0.02077748 -0.01739798 -0.1220759 -0.1182045 -0.2052746 -0.02014353 1 -0.1182045 -0.01949076 -0.01812054 -0.2033866 -0.02371647 -0.01416746 -0.01949076 -0.2052746 -0.01416746 -0.3329421 -0.3329421 -0.1166178 -0.01949076 -0.2052746 -0.03364021 -0.01949076 -0.02199541
0.9649233 -0.3915833 0.2891519 0.7271901 0.8468732 -0.4566969 -0.4799116 -0.1305185 0.1471853 0.9521719 1 0.5758361 -0.1265362 -0.1182045 1 -0.1224356 -0.1138283 0.5811817 0.2006392 -0.0889961 -0.1224356 0.5758361 -0.03678322 0.3550303 0.3550303 0.9865761 -0.1224356 0.5758361 -0.1421216 -0.1224356 -0.1381692
-0.1022691 0.02347036 0.257467 0.1188523 0.09984698 -0.07842414 -0.08217768 0.9380713 -0.01802073 0.1596611 -0.1224356 0.09494968 0.967594 -0.01949076 -0.1224356 1 0.9296989 0.03453155 -0.02456539 -0.01467458 1 0.09494968 0.5414919 0.05854099 0.05854099 -0.1207921 1 0.09494968 -0.03484435 1 -0.02278273
-0.0923363 0.03535542 0.2174392 0.09903786 0.08171924 -0.07291084 -0.0764005 0.8721239 -0.01675385 0.1484367 -0.1138283 0.08827461 0.8995711 -0.01812054 -0.1138283 0.9296989 1 0.02333623 -0.02283842 -0.01364294 0.9296989 0.08827461 0.5829732 0.05442549 0.05442549 -0.1123003 0.9296989 0.08827461 -0.03239476 0.9296989 -0.02118108
0.5476826 0.2738177 0.1872355 0.463589 0.5165259 0.3722664 0.3835175 0.04449903 0.08554143 0.5830248 0.5811817 0.9908022 0.03964759 -0.2033866 0.5811817 0.03453155 0.02333623 1 0.1166078 0.06965779 0.03453155 0.9908022 -0.01388747 0.6108767 0.6108767 0.57338 0.03453155 0.9908022 0.1407956 0.03453155 0.1081459
0.2022714 -0.08658804 0.2963286 0.1424046 0.2159969 -0.09542694 -0.09999426 -0.02618712 -0.02192773 0.1942765 0.2006392 0.1155353 -0.02538812 -0.02371647 0.2006392 -0.02456539 -0.02283842 0.1166078 1 -0.01785611 -0.02456539 0.1155353 -0.01785611 0.07123301 0.07123301 0.2033692 -0.02456539 0.1155353 -0.04239881 -0.02456539 -0.02772216
-0.08827796 0.2062191 -0.0357242 -0.07375347 -0.02974385 0.1871181 0.1785713 -0.01564335 -0.01309892 -0.09191081 -0.0889961 0.06901709 -0.01516605 -0.01416746 -0.0889961 -0.01467458 -0.01364294 0.06965779 -0.01785611 1 -0.01467458 0.06901709 -0.01066667 0.04255232 0.04255232 -0.08780143 -0.01467458 0.06901709 -0.02532769 -0.01467458 -0.01656033
-0.1022691 0.02347036 0.257467 0.1188523 0.09984698 -0.07842414 -0.08217768 0.9380713 -0.01802073 0.1596611 -0.1224356 0.09494968 0.967594 -0.01949076 -0.1224356 1 0.9296989 0.03453155 -0.02456539 -0.01467458 1 0.09494968 0.5414919 0.05854099 0.05854099 -0.1207921 1 0.09494968 -0.03484435 1 -0.02278273
0.5480612 0.2847515 0.2126602 0.477211 0.5290396 0.3688424 0.3799065 0.101218 0.08475464 0.5946953 0.5758361 1 0.09812967 -0.2052746 0.5758361 0.09494968 0.08827461 0.9908022 0.1155353 0.06901709 0.09494968 1 0.06901709 0.6165475 0.6165475 0.5681062 0.09494968 1 0.1391881 0.09494968 0.1071512
-0.009862304 0.07724709 0.2150068 0.144626 0.1290296 -0.057005 -0.05973337 0.5074886 -0.01309892 0.1160545 -0.03678322 0.06901709 0.5237026 -0.01416746 -0.03678322 0.5414919 0.5829732 -0.01388747 -0.01785611 -0.01066667 0.5414919 0.06901709 1 0.04255232 0.04255232 -0.03547951 0.5414919 0.06901709 -0.02532769 0.5414919 -0.01656033
0.3445819 0.2063452 0.1425138 0.2942232 0.3297871 0.2274089 0.2382931 0.06240569 0.05225526 0.3666579 0.3550303 0.6165475 0.0605016 -0.3329421 0.3550303 0.05854099 0.05442549 0.6108767 0.07123301 0.04255232 0.05854099 0.6165475 0.04255232 1 1 0.3502645 0.05854099 0.6165475 0.1010392 0.05854099 0.06606378
0.3445819 0.2063452 0.1425138 0.2942232 0.3297871 0.2274089 0.2382931 0.06240569 0.05225526 0.3666579 0.3550303 0.6165475 0.0605016 -0.3329421 0.3550303 0.05854099 0.05442549 0.6108767 0.07123301 0.04255232 0.05854099 0.6165475 0.04255232 1 1 0.3502645 0.05854099 0.6165475 0.1010392 0.05854099 0.06606378
0.9675382 -0.4057372 0.2770723 0.7269487 0.8483814 -0.46923 -0.4916883 -0.1287664 0.149188 0.9552895 0.9865761 0.5681062 -0.1248376 -0.1166178 0.9865761 -0.1207921 -0.1123003 0.57338 0.2033692 -0.08780143 -0.1207921 0.5681062 -0.03547951 0.3502645 0.3502645 1 -0.1207921 0.5681062 -0.1738112 -0.1207921 -0.1363144
-0.1022691 0.02347036 0.257467 0.1188523 0.09984698 -0.07842414 -0.08217768 0.9380713 -0.01802073 0.1596611 -0.1224356 0.09494968 0.967594 -0.01949076 -0.1224356 1 0.9296989 0.03453155 -0.02456539 -0.01467458 1 0.09494968 0.5414919 0.05854099 0.05854099 -0.1207921 1 0.09494968 -0.03484435 1 -0.02278273
0.5480612 0.2847515 0.2126602 0.477211 0.5290396 0.3688424 0.3799065 0.101218 0.08475464 0.5946953 0.5758361 1 0.09812967 -0.2052746 0.5758361 0.09494968 0.08827461 0.9908022 0.1155353 0.06901709 0.09494968 1 0.06901709 0.6165475 0.6165475 0.5681062 0.09494968 1 0.1391881 0.09494968 0.1071512
-0.1749724 0.3757114 -0.04790494 -0.1389486 -0.1495335 0.3769038 0.3713754 -0.03714468 -0.03110301 -0.1837878 -0.1421216 0.1391881 -0.03601134 -0.03364021 -0.1421216 -0.03484435 -0.03239476 0.1407956 -0.04239881 -0.02532769 -0.03484435 0.1391881 -0.02532769 0.1010392 0.1010392 -0.1738112 -0.03484435 0.1391881 1 -0.03484435 -0.03932202
-0.1022691 0.02347036 0.257467 0.1188523 0.09984698 -0.07842414 -0.08217768 0.9380713 -0.01802073 0.1596611 -0.1224356 0.09494968 0.967594 -0.01949076 -0.1224356 1 0.9296989 0.03453155 -0.02456539 -0.01467458 1 0.09494968 0.5414919 0.05854099 0.05854099 -0.1207921 1 0.09494968 -0.03484435 1 -0.02278273
-0.1370543 0.2780072 -0.05546292 -0.1145045 -0.1283451 0.1907675 0.2772375 -0.02428678 -0.02033648 -0.1426944 -0.1381692 0.1071512 -0.02354575 -0.02199541 -0.1381692 -0.02278273 -0.02118108 0.1081459 -0.02772216 -0.01656033 -0.02278273 0.1071512 -0.01656033 0.06606378 0.06606378 -0.1363144 -0.02278273 0.1071512 -0.03932202 -0.02278273 1
