1 0.2368654 -0.1699046 0.264386 0.208138 0.208138 0.1990049 0.208138 0.208138 0.06377237 -0.04543374 0.1809444 -0.1708373 0.9306997 -0.02132691 -0.1686695 -0.2037905 0.2259327 -0.03311069 0.2092394 -0.1741274 -0.04937942 -0.02618996 0.06586708 -0.06217152 0.06430015 -0.1708373 -0.1713049 -0.03032297 -0.1741274
0.2368654 1 -0.5675009 0.4251338 0.6419234 0.6419234 0.6107597 0.6419234 0.6419234 0.1476973 -0.03459205 0.6288426 -0.5706909 0.2126442 -0.07266868 -0.4915798 -0.5317877 0.5615572 -0.0769563 0.6288516 -0.5648756 -0.1682539 -0.08923888 0.127609 0.04202532 0.149967 -0.5649833 -0.5665852 -0.1033216 -0.5421229
-0.1699046 -0.5675009 1 -0.2668459 -0.8163074 -0.8163074 -0.8537709 -0.8163074 -0.8163074 0.2541034 0.07521889 -0.7808195 0.9726417 -0.1581302 -0.03235269 0.848177 0.806831 -0.7412151 0.1604772 -0.7958759 0.9539245 0.2906303 0.1541451 0.2531624 -0.2477247 0.2467339 0.967167 0.9699383 0.1784705 0.9539245
0.264386 0.4251338 -0.2668459 1 0.3331247 0.3331247 0.31739 0.3331247 0.3331247 0.1097541 0.02142089 0.3489055 -0.2684778 0.2024022 -0.03670424 -0.3110874 -0.3172782 0.2712941 -0.05698447 0.3350188 -0.2742267 -0.08498344 -0.04507369 0.1133592 0.1959151 0.1106625 -0.2684778 -0.2692954 -0.05218672 -0.2742267
0.208138 0.6419234 -0.8163074 0.3331247 1 1 0.95612 1 1 0.3063946 -0.042264 0.9657011 -0.810044 0.193714 -0.1024652 -0.7007455 -0.7310617 0.9106418 -0.1253226 0.9789032 -0.8098253 -0.2372436 -0.1258298 0.3164587 0.3034699 0.3089304 -0.8046717 -0.8069262 -0.1456868 -0.8044712
0.208138 0.6419234 -0.8163074 0.3331247 1 1 0.95612 1 1 0.3063946 -0.042264 0.9657011 -0.810044 0.193714 -0.1024652 -0.7007455 -0.7310617 0.9106418 -0.1253226 0.9789032 -0.8098253 -0.2372436 -0.1258298 0.3164587 0.3034699 0.3089304 -0.8046717 -0.8069262 -0.1456868 -0.8044712
0.1990049 0.6107597 -0.8537709 0.31739 0.95612 0.95612 1 0.95612 0.95612 0.1612536 -0.05216732 0.9216811 -0.8477061 0.1852138 -0.1071678 -0.7436658 -0.6860564 0.8702109 -0.1326014 0.9352439 -0.8482024 -0.2481317 -0.1316046 0.1759463 0.2901536 0.1649839 -0.8423303 -0.844688 -0.152373 -0.8428448
0.208138 0.6419234 -0.8163074 0.3331247 1 1 0.95612 1 1 0.3063946 -0.042264 0.9657011 -0.810044 0.193714 -0.1024652 -0.7007455 -0.7310617 0.9106418 -0.1253226 0.9789032 -0.8098253 -0.2372436 -0.1258298 0.3164587 0.3034699 0.3089304 -0.8046717 -0.8069262 -0.1456868 -0.8044712
0.208138 0.6419234 -0.8163074 0.3331247 1 1 0.95612 1 1 0.3063946 -0.042264 0.9657011 -0.810044 0.193714 -0.1024652 -0.7007455 -0.7310617 0.9106418 -0.1253226 0.9789032 -0.8098253 -0.2372436 -0.1258298 0.3164587 0.3034699 0.3089304 -0.8046717 -0.8069262 -0.1456868 -0.8044712
0.06377237 0.1476973 0.2541034 0.1097541 0.3063946 0.3063946 0.1612536 0.3063946 0.3063946 1 0.04565239 0.3072042 0.2459712 0.05935292 -0.2428429 0.2453022 0.09887754 0.2822627 0.04951919 0.3047819 0.250924 0.07385013 0.03916879 0.9520356 0.09298155 0.9753077 0.2459712 0.2466753 0.04534997 0.250924
-0.04543374 -0.03459205 0.07521889 0.02142089 -0.042264 -0.042264 -0.05216732 -0.042264 -0.042264 0.04565239 1 -0.05541663 0.0995572 -0.04228517 -0.02272371 0.06887389 0.05948476 -0.04961155 0.004933791 -0.05367894 0.0950966 0.08634481 -0.02790526 0.07018102 -0.02069919 0.06851146 0.0995572 0.09891591 -0.03230896 0.0950966
0.1809444 0.6288426 -0.7808195 0.3489055 0.9657011 0.9657011 0.9216811 0.9657011 0.9657011 0.3072042 -0.05541663 1 -0.8014684 0.164731 -0.05109548 -0.692659 -0.7230978 0.8976174 -0.1257435 0.9710047 -0.8013281 -0.2378705 -0.1261622 0.3172948 0.3026702 0.3097466 -0.7960961 -0.7983621 -0.1460717 -0.7959741
-0.1708373 -0.5706909 0.9726417 -0.2684778 -0.810044 -0.810044 -0.8477061 -0.810044 -0.810044 0.2459712 0.0995572 -0.8014684 1 -0.1589982 -0.03287389 0.8744955 0.8329263 -0.7561425 0.159449 -0.8164682 0.9811054 0.2890435 0.1533035 0.2638906 -0.2490847 0.2576128 0.994531 0.9972706 0.1774961 0.9811054
0.9306997 0.2126442 -0.1581302 0.2024022 0.193714 0.193714 0.1852138 0.193714 0.193714 0.05935292 -0.04228517 0.164731 -0.1589982 1 -0.01984895 -0.1533012 -0.1896677 0.2102755 -0.03081611 0.194739 -0.1620603 -0.04595741 -0.02437499 0.06130247 -0.05786302 0.05984413 -0.1589982 -0.1594334 -0.02822157 -0.1620603
-0.02132691 -0.07266868 -0.03235269 -0.03670424 -0.1024652 -0.1024652 -0.1071678 -0.1024652 -0.1024652 -0.2428429 -0.02272371 -0.05109548 -0.03287389 -0.01984895 1 -0.04598781 -0.05028163 -0.09439498 -0.01656033 -0.1019259 -0.03469772 -0.02469714 -0.01309892 -0.2346045 -0.03109512 -0.2407182 -0.03287389 -0.03313446 -0.01516605 -0.03469772
-0.1686695 -0.4915798 0.848177 -0.3110874 -0.7007455 -0.7007455 -0.7436658 -0.7007455 -0.7007455 0.2453022 0.06887389 -0.692659 0.8744955 -0.1533012 -0.04598781 1 0.9163236 -0.6577055 0.1694896 -0.7222199 0.8859748 0.2527673 0.1340632 0.2561255 -0.2082507 0.2480375 0.8744955 0.8768889 0.1552196 0.8698882
-0.2037905 -0.5317877 0.806831 -0.3172782 -0.7310617 -0.7310617 -0.6860564 -0.7310617 -0.7310617 0.09887754 0.05948476 -0.7230978 0.8329263 -0.1896677 -0.05028163 0.9163236 1 -0.6794437 0.1624742 -0.7522839 0.8330257 0.2423049 0.1285142 0.1142778 -0.2206604 0.1027945 0.8382989 0.8352233 0.1487948 0.8276713
0.2259327 0.5615572 -0.7412151 0.2712941 0.9106418 0.9106418 0.8702109 0.9106418 0.9106418 0.2822627 -0.04961155 0.8976174 -0.7561425 0.2102755 -0.09439498 -0.6577055 -0.6794437 1 -0.1465511 0.9261138 -0.7707046 -0.2185581 -0.1159193 0.2915341 0.3198183 0.2845987 -0.7561425 -0.7582119 -0.1342124 -0.765329
-0.03311069 -0.0769563 0.1604772 -0.05698447 -0.1253226 -0.1253226 -0.1326014 -0.1253226 -0.1253226 0.04951919 0.004933791 -0.1257435 0.159449 -0.03081611 -0.01656033 0.1694896 0.1624742 -0.1465511 1 -0.1582431 0.1901521 -0.03834307 -0.02033648 0.05114573 -0.04827613 0.04992901 0.159449 0.1589375 -0.02354575 0.1901521
0.2092394 0.6288516 -0.7958759 0.3350188 0.9789032 0.9789032 0.9352439 0.9789032 0.9789032 0.3047819 -0.05367894 0.9710047 -0.8164682 0.194739 -0.1019259 -0.7222199 -0.7522839 0.9261138 -0.1582431 1 -0.8321921 -0.2359949 -0.1251674 0.3147929 0.3050757 0.3073043 -0.8164682 -0.8187028 -0.14492 -0.8268377
-0.1741274 -0.5648756 0.9539245 -0.2742267 -0.8098253 -0.8098253 -0.8482024 -0.8098253 -0.8098253 0.250924 0.0950966 -0.8013281 0.9811054 -0.1620603 -0.03469772 0.8859748 0.8330257 -0.7707046 0.1901521 -0.8321921 1 0.2835822 0.1504069 0.2597264 -0.2538816 0.2531435 0.9811054 0.9837906 0.1741424 0.9782722
-0.04937942 -0.1682539 0.2906303 -0.08498344 -0.2372436 -0.2372436 -0.2481317 -0.2372436 -0.2372436 0.07385013 0.08634481 -0.2378705 0.2890435 -0.04595741 -0.02469714 0.2527673 0.2423049 -0.2185581 -0.03834307 -0.2359949 0.2835822 1 0.5303821 0.07627587 -0.07199631 0.07446132 0.2890435 0.2882546 -0.03511482 0.2835822
-0.02618996 -0.08923888 0.1541451 -0.04507369 -0.1258298 -0.1258298 -0.1316046 -0.1258298 -0.1258298 0.03916879 -0.02790526 -0.1261622 0.1533035 -0.02437499 -0.01309892 0.1340632 0.1285142 -0.1159193 -0.02033648 -0.1251674 0.1504069 0.5303821 1 0.04045535 -0.03818555 0.03949295 0.1533035 0.1528851 -0.01862427 0.1504069
0.06586708 0.127609 0.2531624 0.1133592 0.3164587 0.3164587 0.1759463 0.3164587 0.3164587 0.9520356 0.07018102 0.3172948 0.2638906 0.06130247 -0.2346045 0.2561255 0.1142778 0.2915341 0.05114573 0.3147929 0.2597264 0.07627587 0.04045535 1 0.09603569 0.9762107 0.2638906 0.2646128 0.04683956 0.2412338
-0.06217152 0.04202532 -0.2477247 0.1959151 0.3034699 0.3034699 0.2901536 0.3034699 0.3034699 0.09298155 -0.02069919 0.3026702 -0.2490847 -0.05786302 -0.03109512 -0.2082507 -0.2206604 0.3198183 -0.04827613 0.3050757 -0.2538816 -0.07199631 -0.03818555 0.09603569 1 0.09375107 -0.2490847 -0.2497664 -0.04421157 -0.2538816
0.06430015 0.149967 0.2467339 0.1106625 0.3089304 0.3089304 0.1649839 0.3089304 0.3089304 0.9753077 0.06851146 0.3097466 0.2576128 0.05984413 -0.2407182 0.2480375 0.1027945 0.2845987 0.04992901 0.3073043 0.2531435 0.07446132 0.03949295 0.9762107 0.09375107 1 0.2576128 0.2583179 0.04572528 0.262574
-0.1708373 -0.5649833 0.967167 -0.2684778 -0.8046717 -0.8046717 -0.8423303 -0.8046717 -0.8046717 0.2459712 0.0995572 -0.7960961 0.994531 -0.1589982 -0.03287389 0.8744955 0.8382989 -0.7561425 0.159449 -0.8164682 0.9811054 0.2890435 0.1533035 0.2638906 -0.2490847 0.2576128 1 0.9972706 0.1774961 0.9811054
-0.1713049 -0.5665852 0.9699383 -0.2692954 -0.8069262 -0.8069262 -0.844688 -0.8069262 -0.8069262 0.2466753 0.09891591 -0.7983621 0.9972706 -0.1594334 -0.03313446 0.8768889 0.8352233 -0.7582119 0.1589375 -0.8187028 0.9837906 0.2882546 0.1528851 0.2646128 -0.2497664 0.2583179 0.9972706 1 0.1770117 0.9837906
-0.03032297 -0.1033216 0.1784705 -0.05218672 -0.1456868 -0.1456868 -0.152373 -0.1456868 -0.1456868 0.04534997 -0.03230896 -0.1460717 0.1774961 -0.02822157 -0.01516605 0.1552196 0.1487948 -0.1342124 -0.02354575 -0.14492 0.1741424 -0.03511482 -0.01862427 0.04683956 -0.04421157 0.04572528 0.1774961 0.1770117 1 0.1741424
-0.1741274 -0.5421229 0.9539245 -0.2742267 -0.8044712 -0.8044712 -0.8428448 -0.8044712 -0.8044712 0.250924 0.0950966 -0.7959741 0.9811054 -0.1620603 -0.03469772 0.8698882 0.8276713 -0.765329 0.1901521 -0.8268377 0.9782722 0.2835822 0.1504069 0.2412338 -0.2538816 0.262574 0.9811054 0.9837906 0.1741424 1
