1 0.112872 0.112872 0.1390811 0.2407989 0.2846651 0.2846651 0.2365322 0.112872 0.2650425 0.1791662 0.2344606 0.1718745 0.2344606 0.1844849 -0.02118108 0.2344606 0.03093551 0.2490439 0.2386445 0.2168338 0.112872 0.2386445 0.2386445 0.2324284 0.1390811 0.2386445 0.07933157 0.2074388 0.213031 -0.01448018 0.2292542 0.3150177 0.112872 0.2344606 0.2265546 0.2872627 0.1050501 0.3108139 -0.01675385 0.2365322 -0.01364294 0.2386445 0.2386445 0.2386445 0.2386445 -0.02587088
0.112872 1 1 0.84698 0.4928394 -0.01610775 -0.01610775 0.4851428 0.9430931 0.5368253 0.5135824 0.4814112 0.3262522 0.4814112 -0.03871664 -0.02500777 0.4814112 0.5418958 0.6788829 0.4889513 -0.03379797 1 0.4889513 0.4889513 0.4777539 0.84698 0.4889513 -0.01709625 0.4968102 0.4198425 -0.01709625 0.361536 0.4266717 1 0.4814112 0.3806587 0.4488074 0.3527433 0.2541481 -0.0197807 0.4851428 -0.01610775 0.4889513 0.4889513 0.4889513 0.4889513 -0.03054485
0.112872 1 1 0.84698 0.4928394 -0.01610775 -0.01610775 0.4851428 0.9430931 0.5368253 0.5135824 0.4814112 0.3262522 0.4814112 -0.03871664 -0.02500777 0.4814112 0.5418958 0.6788829 0.4889513 -0.03379797 1 0.4889513 0.4889513 0.4777539 0.84698 0.4889513 -0.01709625 0.4968102 0.4198425 -0.01709625 0.361536 0.4266717 1 0.4814112 0.3806587 0.4488074 0.3527433 0.2541481 -0.0197807 0.4851428 -0.01610775 0.4889513 0.4889513 0.4889513 0.4889513 -0.03054485
0.1390811 0.84698 0.84698 1 0.4174251 -0.01364294 -0.01364294 0.4109062 0.84698 0.4546803 0.434994 0.4077457 0.2763291 0.4077457 -0.03279222 -0.02118108 0.4077457 0.4775853 0.5750002 0.414132 -0.0286262 0.84698 0.414132 0.414132 0.404648 1 0.414132 -0.01448018 0.4207883 0.4067072 -0.01448018 0.3831733 0.2659257 0.84698 0.4077457 0.3280489 0.411087 0.4220406 0.2248139 -0.01675385 0.4109062 -0.01364294 0.414132 0.414132 0.414132 0.414132 -0.02587088
0.2407989 0.4928394 0.4928394 0.4174251 1 0.3263619 0.3263619 0.9843831 0.4928394 0.9009443 0.8936292 0.9611689 0.6501983 0.9611689 0.7648309 -0.05074223 0.9611689 0.494749 0.6629046 0.9445867 0.6847866 0.4928394 0.9762694 0.9762694 0.9538442 0.4174251 0.9762694 0.3463901 0.959909 0.6734103 0.1770215 0.6525273 0.6626288 0.4928394 0.9611689 0.8869029 0.4775214 0.491587 0.7550485 -0.04013619 0.9686422 -0.03268356 0.9762694 0.9762694 0.9762694 0.9762694 0.6188746
0.2846651 -0.01610775 -0.01610775 -0.01364294 0.3263619 1 1 0.3212651 -0.01610775 0.3554896 0.340098 0.318794 0.2160466 0.318794 0.416042 -0.01656033 0.318794 0.1224024 0.1537562 0.3237871 0.1647327 -0.01610775 0.3237871 0.3237871 0.3163721 -0.01364294 0.3237871 -0.01132126 0.3289913 0.1618253 -0.01132126 0.1742271 0.1647327 -0.01610775 0.318794 0.3093854 0.2185442 -0.01700205 0.4111051 -0.01309892 0.3212651 -0.01066667 0.3237871 0.3237871 0.3237871 0.3237871 -0.02022702
0.2846651 -0.01610775 -0.01610775 -0.01364294 0.3263619 1 1 0.3212651 -0.01610775 0.3554896 0.340098 0.318794 0.2160466 0.318794 0.416042 -0.01656033 0.318794 0.1224024 0.1537562 0.3237871 0.1647327 -0.01610775 0.3237871 0.3237871 0.3163721 -0.01364294 0.3237871 -0.01132126 0.3289913 0.1618253 -0.01132126 0.1742271 0.1647327 -0.01610775 0.318794 0.3093854 0.2185442 -0.01700205 0.4111051 -0.01309892 0.3212651 -0.01066667 0.3237871 0.3237871 0.3237871 0.3237871 -0.02022702
0.2365322 0.4851428 0.4851428 0.4109062 0.9843831 0.3212651 0.3212651 1 0.4851428 0.9037257 0.8957696 0.9614222 0.6492146 0.9614222 0.7528304 -0.05154724 0.9614222 0.5116119 0.6731207 0.9452929 0.6740923 0.4851428 0.9765716 0.9765716 0.9540734 0.4109062 0.9765716 0.3409805 0.9606708 0.6844064 0.2155738 0.6423368 0.6740923 0.4851428 0.9614222 0.887646 0.4699038 0.4838279 0.7431457 -0.04077294 0.9689198 -0.03320207 0.9765716 0.9765716 0.9765716 0.9765716 0.6092097
0.112872 0.9430931 0.9430931 0.84698 0.4928394 -0.01610775 -0.01610775 0.4851428 1 0.5044844 0.4824188 0.4518591 0.303985 0.4518591 -0.03871664 -0.02500777 0.4518591 0.4942884 0.6391766 0.4590235 -0.03379797 0.9430931 0.4590235 0.4590235 0.4483835 0.84698 0.4590235 -0.01709625 0.4664896 0.3785555 -0.01709625 0.3177869 0.3848108 0.9430931 0.4518591 0.3806587 0.4488074 0.3527433 0.2174819 -0.0197807 0.4554049 -0.01610775 0.4590235 0.4590235 0.4590235 0.4590235 -0.03054485
0.2650425 0.5368253 0.5368253 0.4546803 0.9009443 0.3554896 0.3554896 0.9037257 0.5044844 1 0.9035711 0.8967745 0.6077437 0.8967745 0.6228118 -0.04658456 0.8967745 0.567532 0.7004857 0.8768035 0.5793731 0.5368253 0.9108201 0.9108201 0.8899616 0.4546803 0.9108201 0.3773053 0.8909965 0.6869247 0.1954599 0.6361758 0.6507434 0.5368253 0.8967745 0.8211233 0.4610055 0.4130156 0.6563383 -0.03684755 0.9037257 -0.03000556 0.9108201 0.9108201 0.9108201 0.9108201 0.5174645
0.1791662 0.5135824 0.5135824 0.434994 0.8936292 0.340098 0.340098 0.8957696 0.4824188 0.9035711 1 0.9373592 0.635248 0.9373592 0.6551252 -0.04869281 0.9373592 0.5424001 0.7130229 0.9192623 0.5760642 0.5135824 0.9192623 0.9192623 0.8980702 0.434994 0.9192623 0.3609692 0.9009255 0.6566977 0.1857437 0.6081172 0.5989883 0.5135824 0.9373592 0.8307049 0.4980392 0.4828876 0.6666432 -0.03851514 0.9120547 -0.03136351 0.9192623 0.9192623 0.9192623 0.9192623 0.5694512
0.2344606 0.4814112 0.4814112 0.4077457 0.9611689 0.318794 0.318794 0.9614222 0.4518591 0.8967745 0.9373592 1 0.6776996 1 0.7662545 -0.0519468 1 0.5075688 0.6885029 0.9845791 0.6689074 0.4814112 0.9845791 0.9845791 0.9618984 0.4077457 0.9845791 0.3383578 0.9690043 0.6791421 0.2137343 0.6373962 0.6689074 0.4814112 1 0.8955815 0.4662096 0.4800655 0.7564152 -0.04108898 0.9768652 -0.03345943 0.9845791 0.9845791 0.9845791 0.9845791 0.6045238
0.1718745 0.3262522 0.3262522 0.2763291 0.6501983 0.2160466 0.2160466 0.6492146 0.303985 0.6077437 0.635248 0.6776996 1 0.6776996 0.5192904 -0.07665166 0.6776996 0.338358 0.4650354 0.6672488 0.4533182 0.3262522 0.6672488 0.6672488 0.6713951 0.2763291 0.6672488 0.2293049 0.6566938 0.4602543 0.1354026 0.4319631 0.4533182 0.3262522 0.6776996 0.6080048 0.3117945 0.3232126 0.5111792 -0.06063009 0.6608507 -0.04937207 0.6672488 0.6672488 0.6672488 0.6672488 0.4096855
0.2344606 0.4814112 0.4814112 0.4077457 0.9611689 0.318794 0.318794 0.9614222 0.4518591 0.8967745 0.9373592 1 0.6776996 1 0.7662545 -0.0519468 1 0.5075688 0.6885029 0.9845791 0.6689074 0.4814112 0.9845791 0.9845791 0.9618984 0.4077457 0.9845791 0.3383578 0.9690043 0.6791421 0.2137343 0.6373962 0.6689074 0.4814112 1 0.8955815 0.4662096 0.4800655 0.7564152 -0.04108898 0.9768652 -0.03345943 0.9845791 0.9845791 0.9845791 0.9845791 0.6045238
0.1844849 -0.03871664 -0.03871664 -0.03279222 0.7648309 0.416042 0.416042 0.7528304 -0.03871664 0.6228118 0.6551252 0.7662545 0.5192904 0.7662545 1 -0.03980447 0.7662545 0.07721192 0.2790782 0.7392814 0.8729572 -0.03871664 0.7782559 0.7782559 0.7604332 -0.03279222 0.7782559 0.07696272 0.7907648 0.5368247 0.07696272 0.5469642 0.4640956 -0.03871664 0.7662545 0.7436398 0.2674767 0.240739 0.6538843 -0.03148462 0.772194 -0.02563844 0.7782559 0.7782559 0.7782559 0.7782559 0.7889334
-0.02118108 -0.02500777 -0.02500777 -0.02118108 -0.05074223 -0.01656033 -0.01656033 -0.05154724 -0.02500777 -0.04658456 -0.04869281 -0.0519468 -0.07665166 -0.0519468 -0.03980447 1 -0.0519468 -0.03021939 -0.03683665 -0.05114573 -0.0347476 -0.02500777 -0.05114573 -0.05114573 -0.05234446 -0.02118108 -0.05114573 -0.0175766 -0.05033667 -0.03527926 -0.0175766 -0.03311069 -0.0347476 -0.02500777 -0.0519468 -0.02542881 -0.0270664 -0.0263962 -0.04028247 -0.02033648 -0.05154724 0.2311909 -0.05114573 -0.05114573 -0.05114573 -0.05114573 -0.03140307
0.2344606 0.4814112 0.4814112 0.4077457 0.9611689 0.318794 0.318794 0.9614222 0.4518591 0.8967745 0.9373592 1 0.6776996 1 0.7662545 -0.0519468 1 0.5075688 0.6885029 0.9845791 0.6689074 0.4814112 0.9845791 0.9845791 0.9618984 0.4077457 0.9845791 0.3383578 0.9690043 0.6791421 0.2137343 0.6373962 0.6689074 0.4814112 1 0.8955815 0.4662096 0.4800655 0.7564152 -0.04108898 0.9768652 -0.03345943 0.9845791 0.9845791 0.9845791 0.9845791 0.6045238
0.03093551 0.5418958 0.5418958 0.4775853 0.494749 0.1224024 0.1224024 0.5116119 0.4942884 0.567532 0.5424001 0.5075688 0.338358 0.5075688 0.07721192 -0.03021939 0.5075688 1 0.6210562 0.5157375 0.02919888 0.5418958 0.5157375 0.5157375 0.5036053 0.4775853 0.5157375 0.3808691 0.4735166 0.4766354 0.2470264 0.4002803 0.2393199 0.5418958 0.5075688 0.4680326 0.144849 0.2403278 0.2900713 -0.023903 0.5116119 -0.0194646 0.5157375 0.5157375 0.5157375 0.5157375 0.03995246
0.2490439 0.6788829 0.6788829 0.5750002 0.6629046 0.1537562 0.1537562 0.6731207 0.6391766 0.7004857 0.7130229 0.6885029 0.4650354 0.6885029 0.2790782 -0.03683665 0.6885029 0.6210562 1 0.6993474 0.2422957 0.6788829 0.6993474 0.6993474 0.6832425 0.5750002 0.6993474 0.3655204 0.7106495 0.5544144 0.1980761 0.50202 0.5635842 0.6788829 0.6885029 0.60768 0.5137546 0.4525366 0.4795389 -0.02913713 0.69387 -0.02372684 0.6993474 0.6993474 0.6993474 0.6993474 0.1473261
0.2386445 0.4889513 0.4889513 0.414132 0.9445867 0.3237871 0.3237871 0.9452929 0.4590235 0.8768035 0.9192623 0.9845791 0.6672488 0.9845791 0.7392814 -0.05114573 0.9845791 0.5157375 0.6993474 1 0.6353542 0.4889513 0.9685216 0.9685216 0.946207 0.414132 0.9685216 0.3436573 0.9522897 0.6897792 0.2174498 0.6473793 0.6353542 0.4889513 0.9845791 0.8796637 0.4736735 0.4876674 0.7297527 -0.04045535 0.9609322 -0.03294346 0.9685216 0.9685216 0.9685216 0.9685216 0.5656734
0.2168338 -0.03379797 -0.03379797 -0.0286262 0.6847866 0.1647327 0.1647327 0.6740923 -0.03379797 0.5793731 0.5760642 0.6689074 0.4533182 0.6689074 0.8729572 -0.0347476 0.6689074 0.02919888 0.2422957 0.6353542 1 -0.03379797 0.6793841 0.6793841 0.6638257 -0.0286262 0.6793841 0.09393219 0.6903038 0.6204794 0.09393219 0.631072 0.4149334 -0.03379797 0.6689074 0.6491657 0.2352609 0.163158 0.4849937 -0.02748472 0.6740923 -0.02238126 0.6793841 0.6793841 0.6793841 0.6793841 0.9037481
0.112872 1 1 0.84698 0.4928394 -0.01610775 -0.01610775 0.4851428 0.9430931 0.5368253 0.5135824 0.4814112 0.3262522 0.4814112 -0.03871664 -0.02500777 0.4814112 0.5418958 0.6788829 0.4889513 -0.03379797 1 0.4889513 0.4889513 0.4777539 0.84698 0.4889513 -0.01709625 0.4968102 0.4198425 -0.01709625 0.361536 0.4266717 1 0.4814112 0.3806587 0.4488074 0.3527433 0.2541481 -0.0197807 0.4851428 -0.01610775 0.4889513 0.4889513 0.4889513 0.4889513 -0.03054485
0.2386445 0.4889513 0.4889513 0.414132 0.9762694 0.3237871 0.3237871 0.9765716 0.4590235 0.9108201 0.9192623 0.9845791 0.6672488 0.9845791 0.7782559 -0.05114573 0.9845791 0.5157375 0.6993474 0.9685216 0.6793841 0.4889513 1 1 0.9770992 0.414132 1 0.3436573 0.9841813 0.6897792 0.2174498 0.6473793 0.6793841 0.4889513 0.9845791 0.9100066 0.4736735 0.4876674 0.7683188 -0.04045535 0.9922109 -0.03294346 1 1 1 1 0.6139921
0.2386445 0.4889513 0.4889513 0.414132 0.9762694 0.3237871 0.3237871 0.9765716 0.4590235 0.9108201 0.9192623 0.9845791 0.6672488 0.9845791 0.7782559 -0.05114573 0.9845791 0.5157375 0.6993474 0.9685216 0.6793841 0.4889513 1 1 0.9770992 0.414132 1 0.3436573 0.9841813 0.6897792 0.2174498 0.6473793 0.6793841 0.4889513 0.9845791 0.9100066 0.4736735 0.4876674 0.7683188 -0.04045535 0.9922109 -0.03294346 1 1 1 1 0.6139921
0.2324284 0.4777539 0.4777539 0.404648 0.9538442 0.3163721 0.3163721 0.9540734 0.4483835 0.8899616 0.8980702 0.9618984 0.6713951 0.9618984 0.7604332 -0.05234446 0.9618984 0.5036053 0.6832425 0.946207 0.6638257 0.4777539 0.9770992 0.9770992 1 0.404648 0.9770992 0.3357872 0.9616428 0.6739827 0.21193 0.6325538 0.6638257 0.4777539 0.9618984 0.8885824 0.4625884 0.4763778 0.7506411 -0.04140353 0.9694216 -0.03371557 0.9770992 0.9770992 0.9770992 0.9770992 0.5999312
0.1390811 0.84698 0.84698 1 0.4174251 -0.01364294 -0.01364294 0.4109062 0.84698 0.4546803 0.434994 0.4077457 0.2763291 0.4077457 -0.03279222 -0.02118108 0.4077457 0.4775853 0.5750002 0.414132 -0.0286262 0.84698 0.414132 0.414132 0.404648 1 0.414132 -0.01448018 0.4207883 0.4067072 -0.01448018 0.3831733 0.2659257 0.84698 0.4077457 0.3280489 0.411087 0.4220406 0.2248139 -0.01675385 0.4109062 -0.01364294 0.414132 0.414132 0.414132 0.414132 -0.02587088
0.2386445 0.4889513 0.4889513 0.414132 0.9762694 0.3237871 0.3237871 0.9765716 0.4590235 0.9108201 0.9192623 0.9845791 0.6672488 0.9845791 0.7782559 -0.05114573 0.9845791 0.5157375 0.6993474 0.9685216 0.6793841 0.4889513 1 1 0.9770992 0.414132 1 0.3436573 0.9841813 0.6897792 0.2174498 0.6473793 0.6793841 0.4889513 0.9845791 0.9100066 0.4736735 0.4876674 0.7683188 -0.04045535 0.9922109 -0.03294346 1 1 1 1 0.6139921
0.07933157 -0.01709625 -0.01709625 -0.01448018 0.3463901 -0.01132126 -0.01132126 0.3409805 -0.01709625 0.3773053 0.3609692 0.3383578 0.2293049 0.3383578 0.07696272 -0.0175766 0.3383578 0.3808691 0.3655204 0.3436573 0.09393219 -0.01709625 0.3436573 0.3436573 0.3357872 -0.01448018 0.3436573 1 0.263938 0.03391864 0.3253227 0.03886201 0.1527757 -0.01709625 0.3383578 0.3283717 0.05570661 0.2859198 0.3847924 -0.01390278 0.3409805 -0.01132126 0.3436573 0.3436573 0.3436573 0.3436573 0.1076823
0.2074388 0.4968102 0.4968102 0.4207883 0.959909 0.3289913 0.3289913 0.9606708 0.4664896 0.8909965 0.9009255 0.9690043 0.6566938 0.9690043 0.7907648 -0.05033667 0.9690043 0.4735166 0.7106495 0.9522897 0.6903038 0.4968102 0.9841813 0.9841813 0.9616428 0.4207883 0.9841813 0.263938 1 0.700866 0.2213166 0.6577846 0.6903038 0.4968102 0.9690043 0.894294 0.4814503 0.4955894 0.7416524 -0.0398154 0.9765154 -0.03242233 0.9841813 0.9841813 0.9841813 0.9841813 0.6238608
0.213031 0.4198425 0.4198425 0.4067072 0.6734103 0.1618253 0.1618253 0.6844064 0.3785555 0.6869247 0.6566977 0.6791421 0.4602543 0.6791421 0.5368247 -0.03527926 0.6791421 0.4766354 0.5544144 0.6897792 0.6204794 0.4198425 0.6897792 0.6897792 0.6739827 0.4067072 0.6897792 0.03391864 0.700866 1 0.2080292 0.9385313 0.4989959 0.4198425 0.6791421 0.6381685 0.3458811 0.2775508 0.370358 -0.02790526 0.6844064 -0.02272371 0.6897792 0.6897792 0.6897792 0.6897792 0.4901775
-0.01448018 -0.01709625 -0.01709625 -0.01448018 0.1770215 -0.01132126 -0.01132126 0.2155738 -0.01709625 0.1954599 0.1857437 0.2137343 0.1354026 0.2137343 0.07696272 -0.0175766 0.2137343 0.2470264 0.1980761 0.2174498 0.09393219 -0.01709625 0.2174498 0.2174498 0.21193 -0.01448018 0.2174498 0.3253227 0.2213166 0.2080292 1 0.1003597 0.2704626 -0.01709625 0.2137343 0.2067169 -0.0185036 0.1339372 0.1270855 -0.01390278 0.2155738 -0.01132126 0.2174498 0.2174498 0.2174498 0.2174498 0.04310701
0.2292542 0.361536 0.361536 0.3831733 0.6525273 0.1742271 0.1742271 0.6423368 0.3177869 0.6361758 0.6081172 0.6373962 0.4319631 0.6373962 0.5469642 -0.03311069 0.6373962 0.4002803 0.50202 0.6473793 0.631072 0.361536 0.6473793 0.6473793 0.6325538 0.3831733 0.6473793 0.03886201 0.6577846 0.9385313 0.1003597 1 0.4379803 0.361536 0.6373962 0.5964065 0.3710044 0.298488 0.3991371 -0.02618996 0.6423368 -0.02132691 0.6473793 0.6473793 0.6473793 0.6473793 0.4893094
0.3150177 0.4266717 0.4266717 0.2659257 0.6626288 0.1647327 0.1647327 0.6740923 0.3848108 0.6507434 0.5989883 0.6689074 0.4533182 0.6689074 0.4640956 -0.0347476 0.6689074 0.2393199 0.5635842 0.6353542 0.4149334 0.4266717 0.6793841 0.6793841 0.6638257 0.2659257 0.6793841 0.1527757 0.6903038 0.4989959 0.2704626 0.4379803 1 0.4266717 0.6689074 0.5855033 0.6624398 0.560823 0.6198525 -0.02748472 0.6740923 -0.02238126 0.6793841 0.6793841 0.6793841 0.6793841 0.2616911
0.112872 1 1 0.84698 0.4928394 -0.01610775 -0.01610775 0.4851428 0.9430931 0.5368253 0.5135824 0.4814112 0.3262522 0.4814112 -0.03871664 -0.02500777 0.4814112 0.5418958 0.6788829 0.4889513 -0.03379797 1 0.4889513 0.4889513 0.4777539 0.84698 0.4889513 -0.01709625 0.4968102 0.4198425 -0.01709625 0.361536 0.4266717 1 0.4814112 0.3806587 0.4488074 0.3527433 0.2541481 -0.0197807 0.4851428 -0.01610775 0.4889513 0.4889513 0.4889513 0.4889513 -0.03054485
0.2344606 0.4814112 0.4814112 0.4077457 0.9611689 0.318794 0.318794 0.9614222 0.4518591 0.8967745 0.9373592 1 0.6776996 1 0.7662545 -0.0519468 1 0.5075688 0.6885029 0.9845791 0.6689074 0.4814112 0.9845791 0.9845791 0.9618984 0.4077457 0.9845791 0.3383578 0.9690043 0.6791421 0.2137343 0.6373962 0.6689074 0.4814112 1 0.8955815 0.4662096 0.4800655 0.7564152 -0.04108898 0.9768652 -0.03345943 0.9845791 0.9845791 0.9845791 0.9845791 0.6045238
0.2265546 0.3806587 0.3806587 0.3280489 0.8869029 0.3093854 0.3093854 0.887646 0.3806587 0.8211233 0.8307049 0.8955815 0.6080048 0.8955815 0.7436398 -0.02542881 0.8955815 0.4680326 0.60768 0.8796637 0.6491657 0.3806587 0.9100066 0.9100066 0.8885824 0.3280489 0.9100066 0.3283717 0.894294 0.6381685 0.2067169 0.5964065 0.5855033 0.3806587 0.8955815 1 0.3986131 0.4109278 0.6782203 -0.04233853 0.9027212 -0.03447696 0.9100066 0.9100066 0.9100066 0.9100066 0.5866823
0.2872627 0.4488074 0.4488074 0.411087 0.4775214 0.2185442 0.2185442 0.4699038 0.4488074 0.4610055 0.4980392 0.4662096 0.3117945 0.4662096 0.2674767 -0.0270664 0.4662096 0.144849 0.5137546 0.4736735 0.2352609 0.4488074 0.4736735 0.4736735 0.4625884 0.411087 0.4736735 0.05570661 0.4814503 0.3458811 -0.0185036 0.3710044 0.6624398 0.4488074 0.4662096 0.3986131 1 0.6743306 0.5358538 -0.02140904 0.4699038 -0.01743373 0.4736735 0.4736735 0.4736735 0.4736735 0.1374097
0.1050501 0.3527433 0.3527433 0.4220406 0.491587 -0.01700205 -0.01700205 0.4838279 0.3527433 0.4130156 0.4828876 0.4800655 0.3232126 0.4800655 0.240739 -0.0263962 0.4800655 0.2403278 0.4525366 0.4876674 0.163158 0.3527433 0.4876674 0.4876674 0.4763778 0.4220406 0.4876674 0.2859198 0.4955894 0.2775508 0.1339372 0.298488 0.560823 0.3527433 0.4800655 0.4109278 0.6743306 1 0.5856142 -0.02087892 0.4838279 -0.01700205 0.4876674 0.4876674 0.4876674 0.4876674 0.1859597
0.3108139 0.2541481 0.2541481 0.2248139 0.7550485 0.4111051 0.4111051 0.7431457 0.2174819 0.6563383 0.6666432 0.7564152 0.5111792 0.7564152 0.6538843 -0.04028247 0.7564152 0.2900713 0.4795389 0.7297527 0.4849937 0.2541481 0.7683188 0.7683188 0.7506411 0.2248139 0.7683188 0.3847924 0.7416524 0.370358 0.1270855 0.3991371 0.6198525 0.2541481 0.7564152 0.6782203 0.5358538 0.5856142 1 -0.03186271 0.7623064 -0.02594633 0.7683188 0.7683188 0.7683188 0.7683188 0.3651851
-0.01675385 -0.0197807 -0.0197807 -0.01675385 -0.04013619 -0.01309892 -0.01309892 -0.04077294 -0.0197807 -0.03684755 -0.03851514 -0.04108898 -0.06063009 -0.04108898 -0.03148462 -0.02033648 -0.04108898 -0.023903 -0.02913713 -0.04045535 -0.02748472 -0.0197807 -0.04045535 -0.04045535 -0.04140353 -0.01675385 -0.04045535 -0.01390278 -0.0398154 -0.02790526 -0.01390278 -0.02618996 -0.02748472 -0.0197807 -0.04108898 -0.04233853 -0.02140904 -0.02087892 -0.03186271 1 -0.04077294 -0.01309892 -0.04045535 -0.04045535 -0.04045535 -0.04045535 -0.02483927
0.2365322 0.4851428 0.4851428 0.4109062 0.9686422 0.3212651 0.3212651 0.9689198 0.4554049 0.9037257 0.9120547 0.9768652 0.6608507 0.9768652 0.772194 -0.05154724 0.9768652 0.5116119 0.69387 0.9609322 0.6740923 0.4851428 0.9922109 0.9922109 0.9694216 0.4109062 0.9922109 0.3409805 0.9765154 0.6844064 0.2155738 0.6423368 0.6740923 0.4851428 0.9768652 0.9027212 0.4699038 0.4838279 0.7623064 -0.04077294 1 -0.03320207 0.9922109 0.9922109 0.9922109 0.9922109 0.6092097
-0.01364294 -0.01610775 -0.01610775 -0.01364294 -0.03268356 -0.01066667 -0.01066667 -0.03320207 -0.01610775 -0.03000556 -0.03136351 -0.03345943 -0.04937207 -0.03345943 -0.02563844 0.2311909 -0.03345943 -0.0194646 -0.02372684 -0.03294346 -0.02238126 -0.01610775 -0.03294346 -0.03294346 -0.03371557 -0.01364294 -0.03294346 -0.01132126 -0.03242233 -0.02272371 -0.01132126 -0.02132691 -0.02238126 -0.01610775 -0.03345943 -0.03447696 -0.01743373 -0.01700205 -0.02594633 -0.01309892 -0.03320207 1 -0.03294346 -0.03294346 -0.03294346 -0.03294346 -0.02022702
0.2386445 0.4889513 0.4889513 0.414132 0.9762694 0.3237871 0.3237871 0.9765716 0.4590235 0.9108201 0.9192623 0.9845791 0.6672488 0.9845791 0.7782559 -0.05114573 0.9845791 0.5157375 0.6993474 0.9685216 0.6793841 0.4889513 1 1 0.9770992 0.414132 1 0.3436573 0.9841813 0.6897792 0.2174498 0.6473793 0.6793841 0.4889513 0.9845791 0.9100066 0.4736735 0.4876674 0.7683188 -0.04045535 0.9922109 -0.03294346 1 1 1 1 0.6139921
0.2386445 0.4889513 0.4889513 0.414132 0.9762694 0.3237871 0.3237871 0.9765716 0.4590235 0.9108201 0.9192623 0.9845791 0.6672488 0.9845791 0.7782559 -0.05114573 0.9845791 0.5157375 0.6993474 0.9685216 0.6793841 0.4889513 1 1 0.9770992 0.414132 1 0.3436573 0.9841813 0.6897792 0.2174498 0.6473793 0.6793841 0.4889513 0.9845791 0.9100066 0.4736735 0.4876674 0.7683188 -0.04045535 0.9922109 -0.03294346 1 1 1 1 0.6139921
0.2386445 0.4889513 0.4889513 0.414132 0.9762694 0.3237871 0.3237871 0.9765716 0.4590235 0.9108201 0.9192623 0.9845791 0.6672488 0.9845791 0.7782559 -0.05114573 0.9845791 0.5157375 0.6993474 0.9685216 0.6793841 0.4889513 1 1 0.9770992 0.414132 1 0.3436573 0.9841813 0.6897792 0.2174498 0.6473793 0.6793841 0.4889513 0.9845791 0.9100066 0.4736735 0.4876674 0.7683188 -0.04045535 0.9922109 -0.03294346 1 1 1 1 0.6139921
0.2386445 0.4889513 0.4889513 0.414132 0.9762694 0.3237871 0.3237871 0.9765716 0.4590235 0.9108201 0.9192623 0.9845791 0.6672488 0.9845791 0.7782559 -0.05114573 0.9845791 0.5157375 0.6993474 0.9685216 0.6793841 0.4889513 1 1 0.9770992 0.414132 1 0.3436573 0.9841813 0.6897792 0.2174498 0.6473793 0.6793841 0.4889513 0.9845791 0.9100066 0.4736735 0.4876674 0.7683188 -0.04045535 0.9922109 -0.03294346 1 1 1 1 0.6139921
-0.02587088 -0.03054485 -0.03054485 -0.02587088 0.6188746 -0.02022702 -0.02022702 0.6092097 -0.03054485 0.5174645 0.5694512 0.6045238 0.4096855 0.6045238 0.7889334 -0.03140307 0.6045238 0.03995246 0.1473261 0.5656734 0.9037481 -0.03054485 0.6139921 0.6139921 0.5999312 -0.02587088 0.6139921 0.1076823 0.6238608 0.4901775 0.04310701 0.4893094 0.2616911 -0.03054485 0.6045238 0.5866823 0.1374097 0.1859597 0.3651851 -0.02483927 0.6092097 -0.02022702 0.6139921 0.6139921 0.6139921 0.6139921 1
