1 1 0.02501396 -0.05847461 0.101122 -0.02831768 0.02501396 0.02625145 -0.05910403 0.02563844 0.02625145 0.101122 -0.02831768 0.02501396 -0.01132126 -0.05847461 0.02917023 -0.0194646 0.101122
1 1 0.02501396 -0.05847461 0.101122 -0.02831768 0.02501396 0.02625145 -0.05910403 0.02563844 0.02625145 0.101122 -0.02831768 0.02501396 -0.01132126 -0.05847461 0.02917023 -0.0194646 0.101122
0.02501396 0.02501396 1 0.1371264 0.2473641 0.06640664 1 0.9528603 0.1386024 0.9756429 0.78379 0.2473641 0.06640664 1 0.02654902 0.1371264 0.8575169 0.04564564 0.2473641
-0.05847461 -0.05847461 0.1371264 1 -0.5782578 0.4842732 0.1371264 0.1439103 0.9822128 0.1405498 0.1181343 -0.5721023 0.4842732 0.1371264 0.05156932 0.9928231 0.1481474 -0.1067048 -0.5721023
0.101122 0.101122 0.2473641 -0.5782578 1 -0.2800347 0.2473641 0.2153868 -0.5783603 0.2535396 0.1932794 0.9947206 -0.2800347 0.2473641 0.009868105 -0.5721023 0.2279293 -0.1924862 0.9947206
-0.02831768 -0.02831768 0.06640664 0.4842732 -0.2800347 1 0.06640664 0.0696919 0.4791159 0.06806449 0.0696919 -0.2800347 1 0.06640664 -0.03005548 0.4842732 0.07744062 -0.05167429 -0.2800347
0.02501396 0.02501396 1 0.1371264 0.2473641 0.06640664 1 0.9528603 0.1386024 0.9756429 0.78379 0.2473641 0.06640664 1 0.02654902 0.1371264 0.8575169 0.04564564 0.2473641
0.02625145 0.02625145 0.9528603 0.1439103 0.2153868 0.0696919 0.9528603 1 0.1454594 0.9293873 0.7454201 0.2153868 0.0696919 0.9528603 0.02786245 0.1439103 0.8154416 0.04790381 0.2153868
-0.05910403 -0.05910403 0.1386024 0.9822128 -0.5783603 0.4791159 0.1386024 0.1454594 1 0.1420627 0.1198239 -0.5844822 0.4791159 0.1386024 0.05028181 0.9893506 0.1499328 -0.1078534 -0.5844822
0.02563844 0.02563844 0.9756429 0.1405498 0.2535396 0.06806449 0.9756429 0.9293873 0.1420627 1 0.7639731 0.2535396 0.06806449 0.9756429 0.02721182 0.1405498 0.8357868 0.01578591 0.2535396
0.02625145 0.02625145 0.78379 0.1181343 0.1932794 0.0696919 0.78379 0.7454201 0.1198239 0.7639731 1 0.1932794 0.0696919 0.78379 -0.02315141 0.1181343 0.6675696 0.04790381 0.1932794
0.101122 0.101122 0.2473641 -0.5721023 0.9947206 -0.2800347 0.2473641 0.2153868 -0.5844822 0.2535396 0.1932794 1 -0.2800347 0.2473641 0.009868105 -0.5782578 0.2279293 -0.1924862 1
-0.02831768 -0.02831768 0.06640664 0.4842732 -0.2800347 1 0.06640664 0.0696919 0.4791159 0.06806449 0.0696919 -0.2800347 1 0.06640664 -0.03005548 0.4842732 0.07744062 -0.05167429 -0.2800347
0.02501396 0.02501396 1 0.1371264 0.2473641 0.06640664 1 0.9528603 0.1386024 0.9756429 0.78379 0.2473641 0.06640664 1 0.02654902 0.1371264 0.8575169 0.04564564 0.2473641
-0.01132126 -0.01132126 0.02654902 0.05156932 0.009868105 -0.03005548 0.02654902 0.02786245 0.05028181 0.02721182 -0.02315141 0.009868105 -0.03005548 0.02654902 1 0.05156932 0.03096035 -0.0206591 0.009868105
-0.05847461 -0.05847461 0.1371264 0.9928231 -0.5721023 0.4842732 0.1371264 0.1439103 0.9893506 0.1405498 0.1181343 -0.5782578 0.4842732 0.1371264 0.05156932 1 0.1481474 -0.1067048 -0.5782578
0.02917023 0.02917023 0.8575169 0.1481474 0.2279293 0.07744062 0.8575169 0.8154416 0.1499328 0.8357868 0.6675696 0.2279293 0.07744062 0.8575169 0.03096035 0.1481474 1 0.05323002 0.2279293
-0.0194646 -0.0194646 0.04564564 -0.1067048 -0.1924862 -0.05167429 0.04564564 0.04790381 -0.1078534 0.01578591 0.04790381 -0.1924862 -0.05167429 0.04564564 -0.0206591 -0.1067048 0.05323002 1 -0.1924862
0.101122 0.101122 0.2473641 -0.5721023 0.9947206 -0.2800347 0.2473641 0.2153868 -0.5844822 0.2535396 0.1932794 1 -0.2800347 0.2473641 0.009868105 -0.5782578 0.2279293 -0.1924862 1
