1 -0.3403432 -0.06964849 1 -0.2042595 -0.06562144 -0.0110756 -0.1370843 -0.2058427 0.99679 0.2383878 -0.07346501 0.1819776 -0.1018793 -0.09027814 0.99679 -0.3416388 -0.06562144 0.8004312 -0.06964849 0.8026624 -0.06562144 0.1625485 0.6558773 0.741875 0.7869238 0.7026227 0.6380725
-0.3403432 1 -0.0587173 -0.3403432 -0.1722013 -0.05532228 -0.05833125 -0.1096013 -0.1519154 -0.3414392 -0.08113366 -0.06193482 -0.06193482 0.2993428 -0.07610916 -0.3414392 0.9734108 -0.05532228 -0.4186909 0.2046419 -0.4175048 -0.05532228 -0.05532228 -0.4165168 -0.3890926 -0.4032861 -0.4780184 -0.2171636
-0.06964849 -0.0587173 1 -0.06964849 -0.03523961 -0.01132126 0.01201602 -0.02786245 -0.03551277 -0.06987278 -0.01660335 -0.01267446 -0.01267446 -0.0175766 -0.01557513 -0.06987278 -0.05894082 -0.01132126 -0.08701371 -0.01201602 -0.08677184 -0.01132126 -0.01132126 -0.103429 -0.08365939 -0.06148643 -0.09912644 -0.04444079
1 -0.3403432 -0.06964849 1 -0.2042595 -0.06562144 -0.0110756 -0.1370843 -0.2058427 0.99679 0.2383878 -0.07346501 0.1819776 -0.1018793 -0.09027814 0.99679 -0.3416388 -0.06562144 0.8004312 -0.06964849 0.8026624 -0.06562144 0.1625485 0.6558773 0.741875 0.7869238 0.7026227 0.6380725
-0.2042595 -0.1722013 -0.03523961 -0.2042595 1 0.3212651 0.03523961 0.7147988 0.9614222 -0.1949277 -0.04869296 -0.03717064 -0.03717064 -0.05154724 -0.04567747 -0.1949277 -0.1728569 0.3212651 0.4049892 -0.03523961 0.4061181 -0.03320207 -0.03320207 0.3407131 0.4212273 0.370011 0.3555017 -0.1303323
-0.06562144 -0.05532228 -0.01132126 -0.06562144 0.3212651 1 0.01132126 0.1359654 0.318794 -0.06583276 -0.01564335 -0.01194163 -0.01194163 -0.01656033 -0.01467458 -0.06583276 -0.05553288 1 0.1301089 -0.01132126 0.1304716 -0.01066667 -0.01066667 0.1094592 0.1353256 0.1308357 0.1142103 -0.04187123
-0.0110756 -0.05833125 0.01201602 -0.0110756 0.03523961 0.01132126 1 0.02786245 -0.04756957 -0.01074148 0.01660335 0.01267446 0.01267446 0.0175766 0.01557513 -0.01074148 -0.05786216 0.01132126 0.011978 0.01201602 0.01168844 0.01132126 -0.1078664 0.03022715 0.007896167 0.01139861 0.02567791 0.04444079
-0.1370843 -0.1096013 -0.02786245 -0.1370843 0.7147988 0.1359654 0.02786245 1 0.709191 -0.1376375 -0.03849943 -0.02938922 -0.02938922 -0.04075618 -0.03611521 -0.1376375 -0.1101753 0.1359654 0.2975131 -0.02786245 0.2983912 -0.02625145 -0.02625145 0.2472474 0.3101318 0.2651875 0.2588655 -0.1030482
-0.2058427 -0.1519154 -0.03551277 -0.2058427 0.9614222 0.318794 -0.04756957 0.709191 1 -0.2065056 -0.04907039 -0.03745876 -0.03745876 -0.0519468 -0.04603153 -0.2065056 -0.1526214 0.318794 0.3804079 -0.03551277 0.3815279 -0.03345943 -0.03345943 0.3163111 0.396503 0.3548963 0.3311231 -0.1313426
0.99679 -0.3414392 -0.06987278 0.99679 -0.1949277 -0.06583276 -0.01074148 -0.1376375 -0.2065056 1 0.2376226 -0.07370159 0.1813934 -0.1022074 -0.09056886 1 -0.342739 -0.06583276 0.8030089 -0.06987278 0.8052472 -0.06583276 0.1620267 0.6580697 0.7446793 0.7895403 0.7048854 0.6360243
0.2383878 -0.08113366 -0.01660335 0.2383878 -0.04869296 -0.01564335 0.01660335 -0.03849943 -0.04907039 0.2376226 1 -0.01751316 0.7633678 -0.02428678 -0.0215212 0.2376226 -0.08144251 -0.01564335 0.190813 -0.01660335 0.1913449 -0.01564335 0.5946773 0.1426793 0.06914422 0.1735587 0.1674967 -0.06140684
-0.07346501 -0.06193482 -0.01267446 -0.07346501 -0.03717064 -0.01194163 0.01267446 -0.02938922 -0.03745876 -0.07370159 -0.01751316 1 -0.01336898 -0.01853975 -0.0164286 -0.07370159 -0.06217059 -0.01194163 -0.09178179 -0.01267446 -0.09152667 -0.01194163 -0.01194163 -0.1090966 -0.08824367 -0.09127193 -0.1045583 -0.04687601
0.1819776 -0.06193482 -0.01267446 0.1819776 -0.03717064 -0.01194163 0.01267446 -0.02938922 -0.03745876 0.1813934 0.7633678 -0.01336898 1 -0.01853975 -0.0164286 0.1813934 -0.06217059 -0.01194163 0.1456605 -0.01267446 0.1460665 -0.01194163 0.7800869 0.1225427 -0.01632033 0.1464742 0.1278616 -0.04687601
-0.1018793 0.2993428 -0.0175766 -0.1018793 -0.05154724 -0.01656033 0.0175766 -0.04075618 -0.0519468 -0.1022074 -0.02428678 -0.01853975 -0.01853975 1 -0.02278273 -0.1022074 0.2982077 -0.01656033 -0.1272805 -0.0175766 -0.1269267 -0.01656033 -0.01656033 -0.1512922 -0.1223739 -0.1265735 -0.1449986 -0.06500638
-0.09027814 -0.07610916 -0.01557513 -0.09027814 -0.04567747 -0.01467458 0.01557513 -0.03611521 -0.04603153 -0.09056886 -0.0215212 -0.0164286 -0.0164286 -0.02278273 1 -0.09056886 -0.07639888 -0.01467458 -0.1127869 -0.01557513 -0.1124734 -0.01467458 -0.01467458 -0.1340643 -0.108439 -0.1121603 -0.1284874 -0.057604
0.99679 -0.3414392 -0.06987278 0.99679 -0.1949277 -0.06583276 -0.01074148 -0.1376375 -0.2065056 1 0.2376226 -0.07370159 0.1813934 -0.1022074 -0.09056886 1 -0.342739 -0.06583276 0.8030089 -0.06987278 0.8052472 -0.06583276 0.1620267 0.6580697 0.7446793 0.7895403 0.7048854 0.6360243
-0.3416388 0.9734108 -0.05894082 -0.3416388 -0.1728569 -0.05553288 -0.05786216 -0.1101753 -0.1526214 -0.342739 -0.08144251 -0.06217059 -0.06217059 0.2982077 -0.07639888 -0.342739 1 -0.05553288 -0.4268184 0.2038659 -0.425632 -0.05553288 -0.05553288 -0.4249638 -0.3972484 -0.4114403 -0.4862336 -0.2179903
-0.06562144 -0.05532228 -0.01132126 -0.06562144 0.3212651 1 0.01132126 0.1359654 0.318794 -0.06583276 -0.01564335 -0.01194163 -0.01194163 -0.01656033 -0.01467458 -0.06583276 -0.05553288 1 0.1301089 -0.01132126 0.1304716 -0.01066667 -0.01066667 0.1094592 0.1353256 0.1308357 0.1142103 -0.04187123
0.8004312 -0.4186909 -0.08701371 0.8004312 0.4049892 0.1301089 0.011978 0.2975131 0.3804079 0.8030089 0.190813 -0.09178179 0.1456605 -0.1272805 -0.1127869 0.8030089 -0.4268184 0.1301089 1 -0.08701371 0.9972204 -0.0819826 0.1301089 0.8195793 0.9389809 0.9498799 0.8723594 0.5107332
-0.06964849 0.2046419 -0.01201602 -0.06964849 -0.03523961 -0.01132126 0.01201602 -0.02786245 -0.03551277 -0.06987278 -0.01660335 -0.01267446 -0.01267446 -0.0175766 -0.01557513 -0.06987278 0.2038659 -0.01132126 -0.08701371 1 -0.08677184 -0.01132126 -0.01132126 -0.103429 -0.08365939 -0.06148643 -0.09912644 -0.04444079
0.8026624 -0.4175048 -0.08677184 0.8026624 0.4061181 0.1304716 0.01168844 0.2983912 0.3815279 0.8052472 0.1913449 -0.09152667 0.1460665 -0.1269267 -0.1124734 0.8052472 -0.425632 0.1304716 0.9972204 -0.08677184 1 -0.08175472 0.1304716 0.822658 0.9416466 0.9526235 0.8753653 0.5121568
-0.06562144 -0.05532228 -0.01132126 -0.06562144 -0.03320207 -0.01066667 0.01132126 -0.02625145 -0.03345943 -0.06583276 -0.01564335 -0.01194163 -0.01194163 -0.01656033 -0.01467458 -0.06583276 -0.05553288 -0.01066667 -0.0819826 -0.01132126 -0.08175472 1 -0.01066667 -0.09744875 -0.07882223 -0.08152718 -0.09339498 -0.04187123
0.1625485 -0.05532228 -0.01132126 0.1625485 -0.03320207 -0.01066667 -0.1078664 -0.02625145 -0.03345943 0.1620267 0.5946773 -0.01194163 0.7800869 -0.01656033 -0.01467458 0.1620267 -0.05553288 -0.01066667 0.1301089 -0.01132126 0.1304716 -0.01066667 1 0.1094592 -0.05205375 0.1308357 0.1142103 -0.04187123
0.6558773 -0.4165168 -0.103429 0.6558773 0.3407131 0.1094592 0.03022715 0.2472474 0.3163111 0.6580697 0.1426793 -0.1090966 0.1225427 -0.1512922 -0.1340643 0.6580697 -0.4249638 0.1094592 0.8195793 -0.103429 0.822658 -0.09744875 0.1094592 1 0.7704972 0.7931401 0.93715 0.4220837
0.741875 -0.3890926 -0.08365939 0.741875 0.4212273 0.1353256 0.007896167 0.3101318 0.396503 0.7446793 0.06914422 -0.08824367 -0.01632033 -0.1223739 -0.108439 0.7446793 -0.3972484 0.1353256 0.9389809 -0.08365939 0.9416466 -0.07882223 -0.05205375 0.7704972 1 0.9049505 0.8219719 0.4919296
0.7869238 -0.4032861 -0.06148643 0.7869238 0.370011 0.1308357 0.01139861 0.2651875 0.3548963 0.7895403 0.1735587 -0.09127193 0.1464742 -0.1265735 -0.1121603 0.7895403 -0.4114403 0.1308357 0.9498799 -0.06148643 0.9526235 -0.08152718 0.1308357 0.7931401 0.9049505 1 0.845665 0.4980046
0.7026227 -0.4780184 -0.09912644 0.7026227 0.3555017 0.1142103 0.02567791 0.2588655 0.3311231 0.7048854 0.1674967 -0.1045583 0.1278616 -0.1449986 -0.1284874 0.7048854 -0.4862336 0.1142103 0.8723594 -0.09912644 0.8753653 -0.09339498 0.1142103 0.93715 0.8219719 0.845665 1 0.4483243
0.6380725 -0.2171636 -0.04444079 0.6380725 -0.1303323 -0.04187123 0.04444079 -0.1030482 -0.1313426 0.6360243 -0.06140684 -0.04687601 -0.04687601 -0.06500638 -0.057604 0.6360243 -0.2179903 -0.04187123 0.5107332 -0.04444079 0.5121568 -0.04187123 -0.04187123 0.4220837 0.4919296 0.4980046 0.4483243 1
