1 -0.2633479 0.7969099 -0.2615817 -0.2974733 -0.2615817 -0.2615817 0.7948012 0.7948012 -0.2615817 0.7096266 -0.1059916 0.1384504 -0.09461094 0.9827577 -0.1737353 -0.2633479 -0.1023288 -0.05209279 0.7589569 0.7624346 0.2435364 -0.176071 -0.05060431 0.9195921 0.9406932 -0.07704324 0.9463881 0.7604099 -0.05050572 0.9347412 0.8992762 0.7065393 0.9025362 -0.1874304 0.154999 0.5956704 0.1308739 -0.006400494 -0.1095414 -0.07704324
-0.2633479 1 0.3687129 0.9932932 -0.1407789 0.9932932 0.9932932 0.3677164 0.3677164 0.9932932 0.3734206 -0.05016039 -0.03646062 -0.04477452 -0.2618372 -0.08222002 0.9866116 -0.04842696 -0.05184033 0.3559792 0.3550188 0.06686134 -0.08332541 0.03963984 -0.2633479 -0.2717257 0.004666091 -0.2717257 0.354061 0.02256493 -0.2701934 -0.2610833 0.3508717 -0.2648623 0.6464993 -0.04081867 0.2085407 -0.04081867 0.1235741 -0.05184033 -0.03646062
0.7969099 0.3687129 1 0.3746073 -0.3732835 0.3746073 0.3746073 0.9973539 0.9973539 0.3746073 0.9189804 -0.1330032 0.1103325 -0.1187223 0.7812856 -0.2180112 0.3687129 -0.1284069 -0.08227075 0.9556159 0.9583592 0.275034 -0.2209422 -0.02280161 0.7196675 0.7347294 -0.09667748 0.7402002 0.9558184 -0.05516896 0.7299644 0.7015594 0.9019683 0.7023416 0.2274547 0.1235203 0.7000521 0.1003449 0.07193764 -0.1374577 -0.09667748
-0.2615817 0.9932932 0.3746073 1 -0.1398347 1 1 0.373616 0.373616 1 0.3791247 -0.04982398 -0.03621609 -0.04447422 -0.2600811 -0.08166858 0.9932932 -0.04810217 -0.05149264 0.3619449 0.3609903 0.06564283 -0.08276657 0.04123799 -0.2615817 -0.2699033 -0.03621609 -0.2699033 0.3600384 -0.01062737 -0.2683813 -0.2593322 0.3566827 -0.2630859 0.651082 -0.04054491 0.2042406 -0.04054491 0.12476 -0.05149264 -0.03621609
-0.2974733 -0.1407789 -0.3732835 -0.1398347 1 -0.1398347 -0.1398347 -0.3742738 -0.3742738 -0.1398347 -0.3529843 -0.05666032 -0.04118529 -0.05057653 -0.2957669 0.5666799 -0.1407789 -0.05470227 -0.05855795 -0.3863425 -0.3873641 0.07776195 0.5747383 0.07553536 -0.2894728 -0.3069367 -0.04118529 -0.3069367 -0.3883883 -0.05057653 -0.2972613 -0.2868948 -0.3512213 -0.2752214 -0.1115402 -0.04610808 -0.2726592 -0.01250238 -0.05057653 -0.05855795 -0.04118529
-0.2615817 0.9932932 0.3746073 1 -0.1398347 1 1 0.373616 0.373616 1 0.3791247 -0.04982398 -0.03621609 -0.04447422 -0.2600811 -0.08166858 0.9932932 -0.04810217 -0.05149264 0.3619449 0.3609903 0.06564283 -0.08276657 0.04123799 -0.2615817 -0.2699033 -0.03621609 -0.2699033 0.3600384 -0.01062737 -0.2683813 -0.2593322 0.3566827 -0.2630859 0.651082 -0.04054491 0.2042406 -0.04054491 0.12476 -0.05149264 -0.03621609
-0.2615817 0.9932932 0.3746073 1 -0.1398347 1 1 0.373616 0.373616 1 0.3791247 -0.04982398 -0.03621609 -0.04447422 -0.2600811 -0.08166858 0.9932932 -0.04810217 -0.05149264 0.3619449 0.3609903 0.06564283 -0.08276657 0.04123799 -0.2615817 -0.2699033 -0.03621609 -0.2699033 0.3600384 -0.01062737 -0.2683813 -0.2593322 0.3566827 -0.2630859 0.651082 -0.04054491 0.2042406 -0.04054491 0.12476 -0.05149264 -0.03621609
0.7948012 0.3677164 0.9973539 0.373616 -0.3742738 0.373616 0.373616 1 1 0.373616 0.9218098 -0.1333561 0.1100405 -0.1190372 0.7847164 -0.2185896 0.3677164 -0.1287476 -0.08264489 0.9581812 0.9609168 0.2759696 -0.2215284 -0.02366731 0.7230884 0.7380385 -0.09693397 0.7435083 0.9583693 -0.05549483 0.7332938 0.7050141 0.9046308 0.7057452 0.2266763 0.1231934 0.7033097 0.1000221 0.07159 -0.1378224 -0.09693397
0.7948012 0.3677164 0.9973539 0.373616 -0.3742738 0.373616 0.373616 1 1 0.373616 0.9218098 -0.1333561 0.1100405 -0.1190372 0.7847164 -0.2185896 0.3677164 -0.1287476 -0.08264489 0.9581812 0.9609168 0.2759696 -0.2215284 -0.02366731 0.7230884 0.7380385 -0.09693397 0.7435083 0.9583693 -0.05549483 0.7332938 0.7050141 0.9046308 0.7057452 0.2266763 0.1231934 0.7033097 0.1000221 0.07159 -0.1378224 -0.09693397
-0.2615817 0.9932932 0.3746073 1 -0.1398347 1 1 0.373616 0.373616 1 0.3791247 -0.04982398 -0.03621609 -0.04447422 -0.2600811 -0.08166858 0.9932932 -0.04810217 -0.05149264 0.3619449 0.3609903 0.06564283 -0.08276657 0.04123799 -0.2615817 -0.2699033 -0.03621609 -0.2699033 0.3600384 -0.01062737 -0.2683813 -0.2593322 0.3566827 -0.2630859 0.651082 -0.04054491 0.2042406 -0.04054491 0.12476 -0.05149264 -0.03621609
0.7096266 0.3734206 0.9189804 0.3791247 -0.3529843 0.3791247 0.3791247 0.9218098 0.9218098 0.3791247 1 -0.1257705 0.03864081 -0.1122662 0.6990165 -0.2061558 0.3734206 -0.1214242 -0.1114905 0.8817425 0.8846539 0.2720117 -0.2089274 -0.04038421 0.6375247 0.6550665 -0.09142017 0.6605661 0.8822528 -0.04837896 0.6553567 0.6408853 0.8472312 0.6427029 0.2237696 0.1306236 0.6652786 -0.009159017 0.03680397 -0.1114905 -0.09142017
-0.1059916 -0.05016039 -0.1330032 -0.04982398 -0.05666032 -0.04982398 -0.04982398 -0.1333561 -0.1333561 -0.04982398 -0.1257705 1 -0.01467458 -0.01802073 -0.1053836 -0.0330917 -0.05016039 -0.01949076 -0.02086456 -0.1376562 -0.1380203 0.05280901 -0.0335366 -0.04673465 -0.1059916 -0.1093635 -0.01467458 -0.1093635 -0.1383852 -0.01802073 -0.1087468 -0.1050801 -0.1333561 -0.1066011 -0.03974247 -0.0164286 -0.111224 -0.0164286 -0.01802073 -0.02086456 -0.01467458
0.1384504 -0.03646062 0.1103325 -0.03621609 -0.04118529 -0.03621609 -0.03621609 0.1100405 0.1100405 -0.03621609 0.03864081 -0.01467458 1 -0.01309892 0.1392492 -0.02405372 -0.03646062 -0.01416746 -0.01516605 0.1066031 0.1063219 0.03838585 -0.02437711 -0.03397052 0.1384504 0.1341817 -0.01066667 0.1341817 0.1060415 -0.01309892 0.1349427 0.1396513 0.1100405 0.1376588 -0.02888804 -0.01194163 0.1319371 -0.01194163 -0.01309892 -0.01516605 -0.01066667
-0.09461094 -0.04477452 -0.1187223 -0.04447422 -0.05057653 -0.04447422 -0.04447422 -0.1190372 -0.1190372 -0.04447422 -0.1122662 -0.01802073 -0.01309892 1 -0.09406822 -0.02953854 -0.04477452 0.9245782 -0.01862427 -0.1228757 -0.1232006 -0.04995682 -0.02993567 0.1363306 -0.09461094 -0.09762078 -0.01309892 -0.09762078 -0.1235263 -0.01608579 -0.09707028 -0.09379735 -0.1190372 -0.09515501 -0.0354752 -0.01466461 -0.09928154 -0.01466461 -0.01608579 0.6431193 -0.01309892
0.9827577 -0.2618372 0.7812856 -0.2600811 -0.2957669 -0.2600811 -0.2600811 0.7847164 0.7847164 -0.2600811 0.6990165 -0.1053836 0.1392492 -0.09406822 1 -0.1727387 -0.2618372 -0.1017418 -0.05136929 0.760039 0.763537 0.2418902 -0.175061 -0.04887431 0.9194755 0.9407909 -0.07660129 0.9636085 0.7615235 -0.04988996 0.9519351 0.9163782 0.7073593 0.9024243 -0.1861983 0.1558933 0.5952929 0.1317283 -0.005711701 -0.108913 -0.07660129
-0.1737353 -0.08222002 -0.2180112 -0.08166858 0.5666799 -0.08166858 -0.08166858 -0.2185896 -0.2185896 -0.08166858 -0.2061558 -0.0330917 -0.02405372 -0.02953854 -0.1727387 1 -0.08222002 -0.03194813 -0.03419998 -0.2256381 -0.2262348 0.04998756 0.986734 0.1447155 -0.1737353 -0.1792623 -0.02405372 -0.1792623 -0.226833 -0.02953854 -0.1658783 -0.15975 -0.206622 -0.1622944 -0.06514357 -0.0269288 -0.1454016 -0.0269288 -0.02953854 -0.03419998 -0.02405372
-0.2633479 0.9866116 0.3687129 0.9932932 -0.1407789 0.9932932 0.9932932 0.3677164 0.3677164 0.9932932 0.3734206 -0.05016039 -0.03646062 -0.04477452 -0.2618372 -0.08222002 1 -0.04842696 -0.05184033 0.3559792 0.3550188 0.06686134 -0.08332541 0.03963984 -0.2633479 -0.2717257 -0.03646062 -0.2717257 0.354061 -0.01110479 -0.2701934 -0.2610833 0.3508717 -0.2648623 0.6464993 -0.04081867 0.199882 -0.04081867 0.1235741 -0.05184033 -0.03646062
-0.1023288 -0.04842696 -0.1284069 -0.04810217 -0.05470227 -0.04810217 -0.04810217 -0.1287476 -0.1287476 -0.04810217 -0.1214242 -0.01949076 -0.01416746 0.9245782 -0.1017418 -0.03194813 -0.04842696 1 -0.02014353 -0.1328992 -0.1332506 -0.06903431 -0.03237765 0.1529537 -0.1023288 -0.1055841 -0.01416746 -0.1055841 -0.1336029 -0.01739798 -0.1049887 -0.1014488 -0.1287476 -0.1029172 -0.03836907 -0.01586086 -0.1073804 -0.01586086 -0.01739798 0.5933349 -0.01416746
-0.05209279 -0.05184033 -0.08227075 -0.05149264 -0.05855795 -0.05149264 -0.05149264 -0.08264489 -0.08264489 -0.05149264 -0.1114905 -0.02086456 -0.01516605 -0.01862427 -0.05136929 -0.03419998 -0.05184033 -0.02014353 1 0.15157 0.1511703 0.05457765 -0.03465978 0.04446524 0.1585521 0.1907818 -0.01516605 0.1907818 0.1507716 -0.01862427 0.1918638 0.1985586 0.1564575 0.1957256 0.06506416 -0.01697881 -0.02040545 -0.01697881 -0.01862427 -0.02156334 -0.01516605
0.7589569 0.3559792 0.9556159 0.3619449 -0.3863425 0.3619449 0.3619449 0.9581812 0.9581812 0.3619449 0.8817425 -0.1376562 0.1066031 -0.1228757 0.760039 -0.2256381 0.3559792 -0.1328992 0.15157 1 0.9973625 0.2873276 -0.2286717 -0.007368758 0.764465 0.7835448 -0.1000597 0.7890064 0.9947324 -0.05942896 0.7790487 0.7523081 0.9423102 0.7524042 0.248003 0.1193451 0.6828915 0.09620862 0.06746443 -0.1422665 -0.1000597
0.7624346 0.3550188 0.9583592 0.3609903 -0.3873641 0.3609903 0.3609903 0.9609168 0.9609168 0.3609903 0.8846539 -0.1380203 0.1063219 -0.1232006 0.763537 -0.2262348 0.3550188 -0.1332506 0.1511703 0.9973625 1 0.2882857 -0.2292764 -0.008236392 0.7624346 0.7869115 -0.1003243 0.7923726 0.9973629 -0.05975899 0.7824351 0.755817 0.9450472 0.7558622 0.2472448 0.1190303 0.6862089 0.09589571 0.06712424 -0.1426427 -0.1003243
0.2435364 0.06686134 0.275034 0.06564283 0.07776195 0.06564283 0.06564283 0.2759696 0.2759696 0.06564283 0.2720117 0.05280901 0.03838585 -0.04995682 0.2418902 0.04998756 0.06686134 -0.06903431 0.05457765 0.2873276 0.2882857 1 0.05158626 0.02697087 0.2435364 0.2526411 0.03838585 0.2526411 0.281163 0.04713874 0.2509789 0.241068 0.2678735 0.2451854 0.05723887 0.04297402 0.2326777 0.04297402 0.04713874 -0.02973592 -0.2778802
-0.176071 -0.08332541 -0.2209422 -0.08276657 0.5747383 -0.08276657 -0.08276657 -0.2215284 -0.2215284 -0.08276657 -0.2089274 -0.0335366 -0.02437711 -0.02993567 -0.175061 0.986734 -0.08332541 -0.03237765 -0.03465978 -0.2286717 -0.2292764 0.05158626 1 0.1410538 -0.176071 -0.1816724 -0.02437711 -0.1816724 -0.2298826 -0.02993567 -0.1684219 -0.1622142 -0.2097032 -0.1647915 -0.06601938 -0.02729084 -0.1361344 0.02442531 -0.02993567 -0.03465978 -0.02437711
-0.05060431 0.03963984 -0.02280161 0.04123799 0.07553536 0.04123799 0.04123799 -0.02366731 -0.02366731 0.04123799 -0.04038421 -0.04673465 -0.03397052 0.1363306 -0.04887431 0.1447155 0.03963984 0.1529537 0.04446524 -0.007368758 -0.008236392 0.02697087 0.1410538 1 -0.0598785 -0.04166087 0.09651759 -0.03246491 -0.009103949 0.06511174 -0.03071427 -0.0387104 -0.01475975 -0.04307112 0.0279393 -0.03803094 -0.01937828 0.1177931 0.06511174 0.1990737 -0.03397052
0.9195921 -0.2633479 0.7196675 -0.2615817 -0.2894728 -0.2615817 -0.2615817 0.7230884 0.7230884 -0.2615817 0.6375247 -0.1059916 0.1384504 -0.09461094 0.9194755 -0.1737353 -0.2633479 -0.1023288 0.1585521 0.764465 0.7624346 0.2435364 -0.176071 -0.0598785 1 0.9634731 -0.07704324 0.9463881 0.7604099 -0.05050572 0.9347412 0.9107918 0.717572 0.9140044 -0.1768193 0.154999 0.5503009 0.1308739 -0.006400494 -0.1095414 -0.07704324
0.9406932 -0.2717257 0.7347294 -0.2699033 -0.3069367 -0.2699033 -0.2699033 0.7380385 0.7380385 -0.2699033 0.6550665 -0.1093635 0.1341817 -0.09762078 0.9407909 -0.1792623 -0.2717257 -0.1055841 0.1907818 0.7835448 0.7869115 0.2526411 -0.1816724 -0.04166087 0.9634731 1 -0.0794942 0.9774122 0.7848223 -0.0538876 0.9660848 0.9437062 0.7435083 0.9463125 -0.1626824 0.1502201 0.5615201 0.1262985 -0.01015441 -0.1130262 -0.0794942
-0.07704324 0.004666091 -0.09667748 -0.03621609 -0.04118529 -0.03621609 -0.03621609 -0.09693397 -0.09693397 -0.03621609 -0.09142017 -0.01467458 -0.01066667 -0.01309892 -0.07660129 -0.02405372 -0.03646062 -0.01416746 -0.01516605 -0.1000597 -0.1003243 0.03838585 -0.02437711 0.09651759 -0.07704324 -0.0794942 1 -0.0794942 -0.1005895 0.8143163 -0.07904591 -0.07638071 -0.09693397 -0.07748628 -0.02888804 -0.01194163 0.0787412 -0.01194163 0.09032799 -0.01516605 -0.01066667
0.9463881 -0.2717257 0.7402002 -0.2699033 -0.3069367 -0.2699033 -0.2699033 0.7435083 0.7435083 -0.2699033 0.6605661 -0.1093635 0.1341817 -0.09762078 0.9636085 -0.1792623 -0.2717257 -0.1055841 0.1907818 0.7890064 0.7923726 0.2526411 -0.1816724 -0.03246491 0.9463881 0.9774122 -0.0794942 1 0.7902831 -0.0538876 0.9887056 0.9551246 0.7380385 0.9406267 -0.1626824 0.1502201 0.5727668 0.1262985 -0.01015441 -0.1130262 -0.0794942
0.7604099 0.354061 0.9558184 0.3600384 -0.3883883 0.3600384 0.3600384 0.9583693 0.9583693 0.3600384 0.8822528 -0.1383852 0.1060415 -0.1235263 0.7615235 -0.226833 0.354061 -0.1336029 0.1507716 0.9947324 0.9973629 0.281163 -0.2298826 -0.009103949 0.7604099 0.7848223 -0.1005895 0.7902831 1 -0.06008937 0.7803578 0.7538098 0.9477903 0.7538267 0.2566632 0.1187164 0.6895305 0.09558351 0.06678457 -0.1430199 -0.1005895
-0.05050572 0.02256493 -0.05516896 -0.01062737 -0.05057653 -0.01062737 -0.01062737 -0.05549483 -0.05549483 -0.01062737 -0.04837896 -0.01802073 -0.01309892 -0.01608579 -0.04988996 -0.02953854 -0.01110479 -0.01739798 -0.01862427 -0.05942896 -0.05975899 0.04713874 -0.02993567 0.06511174 -0.05050572 -0.0538876 0.8143163 -0.0538876 -0.06008937 1 -0.05327309 -0.04958193 -0.07667563 -0.05112113 0.00526753 -0.01466461 0.1184714 -0.01466461 0.06858803 -0.01862427 -0.01309892
0.9347412 -0.2701934 0.7299644 -0.2683813 -0.2972613 -0.2683813 -0.2683813 0.7332938 0.7332938 -0.2683813 0.6553567 -0.1087468 0.1349427 -0.09707028 0.9519351 -0.1658783 -0.2701934 -0.1049887 0.1918638 0.7790487 0.7824351 0.2509789 -0.1684219 -0.03071427 0.9347412 0.9660848 -0.07904591 0.9887056 0.7803578 -0.05327309 1 0.9662829 0.7497273 0.9517988 -0.1613913 0.1510721 0.583516 0.1271154 -0.009475908 -0.1123888 -0.07904591
0.8992762 -0.2610833 0.7015594 -0.2593322 -0.2868948 -0.2593322 -0.2593322 0.7050141 0.7050141 -0.2593322 0.6408853 -0.1050801 0.1396513 -0.09379735 0.9163782 -0.15975 -0.2610833 -0.1014488 0.1985586 0.7523081 0.755817 0.241068 -0.1622142 -0.0387104 0.9107918 0.9437062 -0.07638071 0.9551246 0.7538098 -0.04958193 0.9662829 1 0.7879664 0.9857321 -0.1536702 0.1563435 0.5524708 0.1321581 -0.005366515 -0.1085994 -0.07638071
0.7065393 0.3508717 0.9019683 0.3566827 -0.3512213 0.3566827 0.3566827 0.9046308 0.9046308 0.3566827 0.8472312 -0.1333561 0.1100405 -0.1190372 0.7073593 -0.206622 0.3508717 -0.1287476 0.1564575 0.9423102 0.9450472 0.2678735 -0.2097032 -0.01475975 0.717572 0.7435083 -0.09693397 0.7380385 0.9477903 -0.07667563 0.7497273 0.7879664 1 0.7993718 0.2572512 0.1231934 0.6597337 0.1000221 0.07159 -0.1378224 -0.09693397
0.9025362 -0.2648623 0.7023416 -0.2630859 -0.2752214 -0.2630859 -0.2630859 0.7057452 0.7057452 -0.2630859 0.6427029 -0.1066011 0.1376588 -0.09515501 0.9024243 -0.1622944 -0.2648623 -0.1029172 0.1957256 0.7524042 0.7558622 0.2451854 -0.1647915 -0.04307112 0.9140044 0.9463125 -0.07748628 0.9406267 0.7538267 -0.05112113 0.9517988 0.9857321 0.7993718 1 -0.1568827 0.1541128 0.5507702 0.1300267 -0.007087247 -0.1101713 -0.07748628
-0.1874304 0.6464993 0.2274547 0.651082 -0.1115402 0.651082 0.651082 0.2266763 0.2266763 0.651082 0.2237696 -0.03974247 -0.02888804 -0.0354752 -0.1861983 -0.06514357 0.6464993 -0.03836907 0.06506416 0.248003 0.2472448 0.05723887 -0.06601938 0.0279393 -0.1768193 -0.1626824 -0.02888804 -0.1626824 0.2566632 0.00526753 -0.1613913 -0.1536702 0.2572512 -0.1568827 1 -0.03234096 0.2944531 -0.03234096 0.00526753 -0.0410735 -0.02888804
0.154999 -0.04081867 0.1235203 -0.04054491 -0.04610808 -0.04054491 -0.04054491 0.1231934 0.1231934 -0.04054491 0.1306236 -0.0164286 -0.01194163 -0.01466461 0.1558933 -0.0269288 -0.04081867 -0.01586086 -0.01697881 0.1193451 0.1190303 0.04297402 -0.02729084 -0.03803094 0.154999 0.1502201 -0.01194163 0.1502201 0.1187164 -0.01466461 0.1510721 0.1563435 0.1231934 0.1541128 -0.03234096 1 0.1477073 -0.01336898 -0.01466461 -0.01697881 -0.01194163
0.5956704 0.2085407 0.7000521 0.2042406 -0.2726592 0.2042406 0.2042406 0.7033097 0.7033097 0.2042406 0.6652786 -0.111224 0.1319371 -0.09928154 0.5952929 -0.1454016 0.199882 -0.1073804 -0.02040545 0.6828915 0.6862089 0.2326777 -0.1361344 -0.01937828 0.5503009 0.5615201 0.0787412 0.5727668 0.6895305 0.1184714 0.583516 0.5524708 0.6597337 0.5507702 0.2944531 0.1477073 1 -0.06668826 -0.05573096 -0.114949 -0.08084658
0.1308739 -0.04081867 0.1003449 -0.04054491 -0.01250238 -0.04054491 -0.04054491 0.1000221 0.1000221 -0.04054491 -0.009159017 -0.0164286 -0.01194163 -0.01466461 0.1317283 -0.0269288 -0.04081867 -0.01586086 -0.01697881 0.09620862 0.09589571 0.04297402 0.02442531 0.1177931 0.1308739 0.1262985 -0.01194163 0.1262985 0.09558351 -0.01466461 0.1271154 0.1321581 0.1000221 0.1300267 -0.03234096 -0.01336898 -0.06668826 1 -0.01466461 -0.01697881 -0.01194163
-0.006400494 0.1235741 0.07193764 0.12476 -0.05057653 0.12476 0.12476 0.07159 0.07159 0.12476 0.03680397 -0.01802073 -0.01309892 -0.01608579 -0.005711701 -0.02953854 0.1235741 -0.01739798 -0.01862427 0.06746443 0.06712424 0.04713874 -0.02993567 0.06511174 -0.006400494 -0.01015441 0.09032799 -0.01015441 0.06678457 0.06858803 -0.009475908 -0.005366515 0.07159 -0.007087247 0.00526753 -0.01466461 -0.05573096 -0.01466461 1 -0.01862427 -0.01309892
-0.1095414 -0.05184033 -0.1374577 -0.05149264 -0.05855795 -0.05149264 -0.05149264 -0.1378224 -0.1378224 -0.05149264 -0.1114905 -0.02086456 -0.01516605 0.6431193 -0.108913 -0.03419998 -0.05184033 0.5933349 -0.02156334 -0.1422665 -0.1426427 -0.02973592 -0.03465978 0.1990737 -0.1095414 -0.1130262 -0.01516605 -0.1130262 -0.1430199 -0.01862427 -0.1123888 -0.1085994 -0.1378224 -0.1101713 -0.0410735 -0.01697881 -0.114949 -0.01697881 -0.01862427 1 -0.01516605
-0.07704324 -0.03646062 -0.09667748 -0.03621609 -0.04118529 -0.03621609 -0.03621609 -0.09693397 -0.09693397 -0.03621609 -0.09142017 -0.01467458 -0.01066667 -0.01309892 -0.07660129 -0.02405372 -0.03646062 -0.01416746 -0.01516605 -0.1000597 -0.1003243 -0.2778802 -0.02437711 -0.03397052 -0.07704324 -0.0794942 -0.01066667 -0.0794942 -0.1005895 -0.01309892 -0.07904591 -0.07638071 -0.09693397 -0.07748628 -0.02888804 -0.01194163 -0.08084658 -0.01194163 -0.01309892 -0.01516605 1
