1 0.1799205 -0.027878 -0.01539066 1 -0.01472557 0.01920454 0.1799205 -0.07536741 1 -0.02463378 0.1306275 -0.01539066 0.1640842 -0.0349302 -0.027878 0.1395392 1 -0.027878 -0.01664614 -0.027878 -0.027878 0.1650357 0.2090792 0.186182 0.8011626 0.8011626 0.1327705 -0.06771866 0.1804743 0.7496315 -0.02048387 -0.01602985 -0.027878 0.1674534
0.1799205 1 0.3406201 -0.08554143 0.1799205 0.1799205 0.7608475 1 0.7367209 0.1799205 0.2863848 0.1861352 -0.08554143 0.9060287 -0.1941424 0.3406201 0.5950166 0.1799205 0.3406201 0.1611143 0.3406201 0.3406201 0.8874555 0.8277629 0.9352638 0.2245743 0.2245743 0.7207955 0.7939644 0.9600564 0.2177222 0.2155981 -0.08909408 0.3406201 0.8588357
-0.027878 0.3406201 1 -0.02913713 -0.027878 0.5282147 0.313733 0.3406201 -0.1426833 -0.027878 0.7285839 0.3735014 -0.02913713 0.3106392 -0.06612878 1 0.2364306 -0.027878 1 -0.03151397 1 1 0.3124405 -0.1194118 0.352474 -0.03479693 -0.03479693 0.251357 -0.1282029 0.3416684 -0.03373522 -0.03877943 -0.03034723 1 0.2788466
-0.01539066 -0.08554143 -0.02913713 1 -0.01539066 -0.01539066 -0.06508398 -0.08554143 -0.07877144 -0.01539066 -0.02574638 -0.01921041 1 -0.09379735 -0.03650784 -0.02913713 -0.08188357 -0.01539066 -0.02913713 -0.01739798 -0.02913713 -0.02913713 -0.09325658 -0.07361162 -0.08266461 -0.01921041 -0.01921041 0.1387672 -0.07077723 -0.08527897 -0.01862427 -0.02140904 -0.01675385 -0.02913713 -0.09191011
1 0.1799205 -0.027878 -0.01539066 1 -0.01472557 0.01920454 0.1799205 -0.07536741 1 -0.02463378 0.1306275 -0.01539066 0.1640842 -0.0349302 -0.027878 0.1395392 1 -0.027878 -0.01664614 -0.027878 -0.027878 0.1650357 0.2090792 0.186182 0.8011626 0.8011626 0.1327705 -0.06771866 0.1804743 0.7496315 -0.02048387 -0.01602985 -0.027878 0.1674534
-0.01472557 0.1799205 0.5282147 -0.01539066 -0.01472557 1 0.2364739 0.1799205 -0.07536741 -0.01472557 0.4846135 0.2796353 -0.01539066 0.1640842 -0.0349302 0.5282147 0.1879579 -0.01472557 0.5282147 -0.01664614 0.5282147 0.5282147 0.1650357 -0.07043057 0.186182 -0.01838025 -0.01838025 0.1327705 -0.06771866 0.1804743 -0.01781944 -0.02048387 -0.01602985 0.5282147 0.1210185
0.01920454 0.7608475 0.313733 -0.06508398 0.01920454 0.2364739 1 0.7608475 0.5726098 0.01920454 0.2623181 0.09775116 -0.06508398 0.6870851 -0.1477127 0.313733 0.5097367 0.01920454 0.313733 0.02609511 0.313733 0.313733 0.6842919 0.6148394 0.7092265 0.05388178 0.05388178 0.5549375 0.6295274 0.7421467 0.03761779 0.07168907 -0.06778701 0.313733 0.6466075
0.1799205 1 0.3406201 -0.08554143 0.1799205 0.1799205 0.7608475 1 0.7367209 0.1799205 0.2863848 0.1861352 -0.08554143 0.9060287 -0.1941424 0.3406201 0.5950166 0.1799205 0.3406201 0.1611143 0.3406201 0.3406201 0.8874555 0.8277629 0.9352638 0.2245743 0.2245743 0.7207955 0.7939644 0.9600564 0.2177222 0.2155981 -0.08909408 0.3406201 0.8588357
-0.07536741 0.7367209 -0.1426833 -0.07877144 -0.07536741 -0.07536741 0.5726098 0.7367209 1 -0.07536741 -0.1260789 -0.0344347 -0.07877144 0.8336475 -0.1787774 -0.1426833 0.5033623 -0.07536741 -0.1426833 0.1771432 -0.1426833 -0.1426833 0.8076692 0.8192373 0.6633452 -0.09407255 -0.09407255 0.4963006 0.8639275 0.694844 -0.09120226 0.2359177 -0.08204292 -0.1426833 0.8012944
1 0.1799205 -0.027878 -0.01539066 1 -0.01472557 0.01920454 0.1799205 -0.07536741 1 -0.02463378 0.1306275 -0.01539066 0.1640842 -0.0349302 -0.027878 0.1395392 1 -0.027878 -0.01664614 -0.027878 -0.027878 0.1650357 0.2090792 0.186182 0.8011626 0.8011626 0.1327705 -0.06771866 0.1804743 0.7496315 -0.02048387 -0.01602985 -0.027878 0.1674534
-0.02463378 0.2863848 0.7285839 -0.02574638 -0.02463378 0.4846135 0.2623181 0.2863848 -0.1260789 -0.02463378 1 0.380546 -0.02574638 0.2603355 -0.05843323 0.7285839 0.1659311 -0.02463378 0.7285839 -0.02784662 0.7285839 0.7285839 0.2619029 -0.1178203 0.2966637 0.1520496 0.1520496 0.208518 -0.1132837 0.2872943 0.1584865 -0.03426659 -0.02681566 0.7285839 0.2658845
0.1306275 0.1861352 0.3735014 -0.01921041 0.1306275 0.2796353 0.09775116 0.1861352 -0.0344347 0.1306275 0.380546 1 -0.01921041 0.1675341 -0.0100818 0.3735014 0.136843 0.1306275 0.3735014 0.1115698 0.3735014 0.3735014 0.168658 0.01470138 0.1934354 0.09740414 0.09740414 0.1299389 -0.02171145 0.186782 0.1017243 0.08300543 -0.02000824 0.3735014 0.1715099
-0.01539066 -0.08554143 -0.02913713 1 -0.01539066 -0.01539066 -0.06508398 -0.08554143 -0.07877144 -0.01539066 -0.02574638 -0.01921041 1 -0.09379735 -0.03650784 -0.02913713 -0.08188357 -0.01539066 -0.02913713 -0.01739798 -0.02913713 -0.02913713 -0.09325658 -0.07361162 -0.08266461 -0.01921041 -0.01921041 0.1387672 -0.07077723 -0.08527897 -0.01862427 -0.02140904 -0.01675385 -0.02913713 -0.09191011
0.1640842 0.9060287 0.3106392 -0.09379735 0.1640842 0.1640842 0.6870851 0.9060287 0.8336475 0.1640842 0.2603355 0.1675341 -0.09379735 1 -0.2128797 0.3106392 0.6186385 0.1640842 0.3106392 0.1444942 0.3106392 0.3106392 0.9653245 0.7593695 0.8571809 0.2048076 0.2048076 0.6262947 0.7286364 0.8793855 0.1985586 0.1946206 -0.09769288 0.3106392 0.9450333
-0.0349302 -0.1941424 -0.06612878 -0.03650784 -0.0349302 -0.0349302 -0.1477127 -0.1941424 -0.1787774 -0.0349302 -0.05843323 -0.0100818 -0.03650784 -0.2128797 1 -0.06612878 -0.1749493 -0.0349302 -0.06612878 -0.03948594 -0.06612878 -0.06612878 -0.2116524 -0.1670668 -0.1876132 -0.04359938 -0.04359938 -0.2630871 -0.1606339 -0.1935467 -0.0422691 -0.04858933 -0.03802406 -0.06612878 -0.2085965
-0.027878 0.3406201 1 -0.02913713 -0.027878 0.5282147 0.313733 0.3406201 -0.1426833 -0.027878 0.7285839 0.3735014 -0.02913713 0.3106392 -0.06612878 1 0.2364306 -0.027878 1 -0.03151397 1 1 0.3124405 -0.1194118 0.352474 -0.03479693 -0.03479693 0.251357 -0.1282029 0.3416684 -0.03373522 -0.03877943 -0.03034723 1 0.2788466
0.1395392 0.5950166 0.2364306 -0.08188357 0.1395392 0.1879579 0.5097367 0.5950166 0.5033623 0.1395392 0.1659311 0.136843 -0.08188357 0.6186385 -0.1749493 0.2364306 1 0.1395392 0.2364306 0.1049595 0.2364306 0.2364306 0.6535967 0.5388772 0.5918295 0.136843 0.136843 0.5901095 0.5037727 0.6163012 0.1267439 0.1026978 -0.0852843 0.2364306 0.6289041
1 0.1799205 -0.027878 -0.01539066 1 -0.01472557 0.01920454 0.1799205 -0.07536741 1 -0.02463378 0.1306275 -0.01539066 0.1640842 -0.0349302 -0.027878 0.1395392 1 -0.027878 -0.01664614 -0.027878 -0.027878 0.1650357 0.2090792 0.186182 0.8011626 0.8011626 0.1327705 -0.06771866 0.1804743 0.7496315 -0.02048387 -0.01602985 -0.027878 0.1674534
-0.027878 0.3406201 1 -0.02913713 -0.027878 0.5282147 0.313733 0.3406201 -0.1426833 -0.027878 0.7285839 0.3735014 -0.02913713 0.3106392 -0.06612878 1 0.2364306 -0.027878 1 -0.03151397 1 1 0.3124405 -0.1194118 0.352474 -0.03479693 -0.03479693 0.251357 -0.1282029 0.3416684 -0.03373522 -0.03877943 -0.03034723 1 0.2788466
-0.01664614 0.1611143 -0.03151397 -0.01739798 -0.01664614 -0.01664614 0.02609511 0.1611143 0.1771432 -0.01664614 -0.02784662 0.1115698 -0.01739798 0.1444942 -0.03948594 -0.03151397 0.1049595 -0.01664614 -0.03151397 1 -0.03151397 -0.03151397 0.1865603 0.2363483 0.2104646 -0.02077748 -0.02077748 0.150087 0.2458132 0.2040125 -0.02014353 0.8126465 -0.01812054 -0.03151397 0.1892934
-0.027878 0.3406201 1 -0.02913713 -0.027878 0.5282147 0.313733 0.3406201 -0.1426833 -0.027878 0.7285839 0.3735014 -0.02913713 0.3106392 -0.06612878 1 0.2364306 -0.027878 1 -0.03151397 1 1 0.3124405 -0.1194118 0.352474 -0.03479693 -0.03479693 0.251357 -0.1282029 0.3416684 -0.03373522 -0.03877943 -0.03034723 1 0.2788466
-0.027878 0.3406201 1 -0.02913713 -0.027878 0.5282147 0.313733 0.3406201 -0.1426833 -0.027878 0.7285839 0.3735014 -0.02913713 0.3106392 -0.06612878 1 0.2364306 -0.027878 1 -0.03151397 1 1 0.3124405 -0.1194118 0.352474 -0.03479693 -0.03479693 0.251357 -0.1282029 0.3416684 -0.03373522 -0.03877943 -0.03034723 1 0.2788466
0.1650357 0.8874555 0.3124405 -0.09325658 0.1650357 0.1650357 0.6842919 0.8874555 0.8076692 0.1650357 0.2619029 0.168658 -0.09325658 0.9653245 -0.2116524 0.3124405 0.6535967 0.1650357 0.3124405 0.1865603 0.3124405 0.3124405 1 0.789345 0.8864212 0.2059952 0.2059952 0.6379696 0.7589516 0.9084856 0.19971 0.2295713 -0.09712965 0.3124405 0.9739263
0.2090792 0.8277629 -0.1194118 -0.07361162 0.2090792 -0.07043057 0.6148394 0.8277629 0.8192373 0.2090792 -0.1178203 0.01470138 -0.07361162 0.7593695 -0.1670668 -0.1194118 0.5388772 0.2090792 -0.1194118 0.2363483 -0.1194118 -0.1194118 0.789345 1 0.8307001 0.1378356 0.1378356 0.6350247 0.9472133 0.8566235 0.1261689 0.2908377 -0.0766688 -0.1194118 0.7817229
0.186182 0.9352638 0.352474 -0.08266461 0.186182 0.186182 0.7092265 0.9352638 0.6633452 0.186182 0.2966637 0.1934354 -0.08266461 0.8571809 -0.1876132 0.352474 0.5918295 0.186182 0.352474 0.2104646 0.352474 0.352474 0.8864212 0.8307001 1 0.2323897 0.2323897 0.7131221 0.7884241 0.9631151 0.2252992 0.2589867 -0.08609778 0.352474 0.8569199
0.8011626 0.2245743 -0.03479693 -0.01921041 0.8011626 -0.01838025 0.05388178 0.2245743 -0.09407255 0.8011626 0.1520496 0.09740414 -0.01921041 0.2048076 -0.04359938 -0.03479693 0.136843 0.8011626 -0.03479693 -0.02077748 -0.03479693 -0.03479693 0.2059952 0.1378356 0.2323897 1 1 0.1657223 -0.08452549 0.2252655 0.9694885 -0.02556768 -0.02000824 -0.03479693 0.1902614
0.8011626 0.2245743 -0.03479693 -0.01921041 0.8011626 -0.01838025 0.05388178 0.2245743 -0.09407255 0.8011626 0.1520496 0.09740414 -0.01921041 0.2048076 -0.04359938 -0.03479693 0.136843 0.8011626 -0.03479693 -0.02077748 -0.03479693 -0.03479693 0.2059952 0.1378356 0.2323897 1 1 0.1657223 -0.08452549 0.2252655 0.9694885 -0.02556768 -0.02000824 -0.03479693 0.1902614
0.1327705 0.7207955 0.251357 0.1387672 0.1327705 0.1327705 0.5549375 0.7207955 0.4963006 0.1327705 0.208518 0.1299389 0.1387672 0.6262947 -0.2630871 0.251357 0.5901095 0.1327705 0.251357 0.150087 0.251357 0.251357 0.6379696 0.6350247 0.7131221 0.1657223 0.1657223 1 0.6105733 0.7299541 0.1606658 0.1846891 -0.1207336 0.251357 0.6200387
-0.06771866 0.7939644 -0.1282029 -0.07077723 -0.06771866 -0.06771866 0.6295274 0.7939644 0.8639275 -0.06771866 -0.1132837 -0.02171145 -0.07077723 0.7286364 -0.1606339 -0.1282029 0.5037727 -0.06771866 -0.1282029 0.2458132 -0.1282029 -0.1282029 0.7589516 0.9472133 0.7884241 -0.08452549 -0.08452549 0.6105733 1 0.8299493 -0.08194649 0.3024848 -0.0737167 -0.1282029 0.7504956
0.1804743 0.9600564 0.3416684 -0.08527897 0.1804743 0.1804743 0.7421467 0.9600564 0.694844 0.1804743 0.2872943 0.186782 -0.08527897 0.8793855 -0.1935467 0.3416684 0.6163012 0.1804743 0.3416684 0.2040125 0.3416684 0.3416684 0.9084856 0.8566235 0.9631151 0.2252655 0.2252655 0.7299541 0.8299493 1 0.2183923 0.2510471 -0.08882072 0.3416684 0.879882
0.7496315 0.2177222 -0.03373522 -0.01862427 0.7496315 -0.01781944 0.03761779 0.2177222 -0.09120226 0.7496315 0.1584865 0.1017243 -0.01862427 0.1985586 -0.0422691 -0.03373522 0.1267439 0.7496315 -0.03373522 -0.02014353 -0.03373522 -0.03373522 0.19971 0.1261689 0.2252992 0.9694885 0.9694885 0.1606658 -0.08194649 0.2183923 1 -0.02478757 -0.01939776 -0.03373522 0.1833201
-0.02048387 0.2155981 -0.03877943 -0.02140904 -0.02048387 -0.02048387 0.07168907 0.2155981 0.2359177 -0.02048387 -0.03426659 0.08300543 -0.02140904 0.1946206 -0.04858933 -0.03877943 0.1026978 -0.02048387 -0.03877943 0.8126465 -0.03877943 -0.03877943 0.2295713 0.2908377 0.2589867 -0.02556768 -0.02556768 0.1846891 0.3024848 0.2510471 -0.02478757 1 -0.02229818 -0.03877943 0.2329345
-0.01602985 -0.08909408 -0.03034723 -0.01675385 -0.01602985 -0.01602985 -0.06778701 -0.08909408 -0.08204292 -0.01602985 -0.02681566 -0.02000824 -0.01675385 -0.09769288 -0.03802406 -0.03034723 -0.0852843 -0.01602985 -0.03034723 -0.01812054 -0.03034723 -0.03034723 -0.09712965 -0.0766688 -0.08609778 -0.02000824 -0.02000824 -0.1207336 -0.0737167 -0.08882072 -0.01939776 -0.02229818 1 -0.03034723 -0.09572725
-0.027878 0.3406201 1 -0.02913713 -0.027878 0.5282147 0.313733 0.3406201 -0.1426833 -0.027878 0.7285839 0.3735014 -0.02913713 0.3106392 -0.06612878 1 0.2364306 -0.027878 1 -0.03151397 1 1 0.3124405 -0.1194118 0.352474 -0.03479693 -0.03479693 0.251357 -0.1282029 0.3416684 -0.03373522 -0.03877943 -0.03034723 1 0.2788466
0.1674534 0.8588357 0.2788466 -0.09191011 0.1674534 0.1210185 0.6466075 0.8588357 0.8012944 0.1674534 0.2658845 0.1715099 -0.09191011 0.9450333 -0.2085965 0.2788466 0.6289041 0.1674534 0.2788466 0.1892934 0.2788466 0.2788466 0.9739263 0.7817229 0.8569199 0.1902614 0.1902614 0.6200387 0.7504956 0.879882 0.1833201 0.2329345 -0.09572725 0.2788466 1
