1 0.1783027 0.9973648 -0.1024652 0.01304783 -0.05082385 0.1223133 0.1223133 0.1165432 0.9789433 0.9686666 0.9894586 0.681061 0.1165432 0.3559301 0.0112073 -0.1633236 0.957781 0.3934821
0.1783027 1 0.1778329 -0.01826983 -0.01939102 -0.01826983 -0.02146626 -0.02146626 -0.02045359 0.1801949 0.1830723 0.1792462 0.2575258 -0.02045359 0.2424146 -0.02336758 -0.02912105 0.1783027 -0.07171692
0.9973648 0.1778329 1 -0.102736 0.01275837 -0.05109548 0.121991 0.121991 0.1162361 0.981614 0.9713804 0.992115 0.6792367 0.1162361 0.3548717 0.01085856 -0.1637552 0.9604239 0.3924056
-0.1024652 -0.01826983 -0.102736 1 -0.01132126 -0.01066667 -0.01253287 -0.01253287 -0.01194163 -0.1013893 -0.09979571 -0.1019259 -0.07094371 -0.01194163 -0.003663115 -0.01364294 0.6273755 -0.1024652 -0.04187123
0.01304783 -0.01939102 0.01275837 -0.01132126 1 0.2270541 -0.01330198 -0.01330198 -0.01267446 0.01420676 0.01594909 0.01362706 0.02909295 -0.01267446 0.02708696 0.07933157 -0.01804543 -0.0113124 0.02551999
-0.05082385 -0.01826983 -0.05109548 -0.01066667 0.2270541 1 -0.01253287 -0.01253287 -0.01194163 -0.04974072 -0.04812553 -0.05028163 -0.01561929 -0.01194163 -0.04118529 0.1852291 0.06354515 -0.05082385 -0.004793669
0.1223133 -0.02146626 0.121991 -0.01253287 -0.01330198 -0.01253287 1 1 0.952825 0.1236113 0.1255852 0.1229606 -0.08335575 -0.01403089 0.04779872 0.153909 -0.01997666 0.1223133 -0.04919687
0.1223133 -0.02146626 0.121991 -0.01253287 -0.01330198 -0.01253287 1 1 0.952825 0.1236113 0.1255852 0.1229606 -0.08335575 -0.01403089 0.04779872 0.153909 -0.01997666 0.1223133 -0.04919687
0.1165432 -0.02045359 0.1162361 -0.01194163 -0.01267446 -0.01194163 0.952825 0.952825 1 0.11778 0.1196607 0.1171599 -0.07942345 -0.01336898 0.02110331 0.1628406 -0.01903426 0.1165432 -0.04687601
0.9789433 0.1801949 0.981614 -0.1013893 0.01420676 -0.04974072 0.1236113 0.1236113 0.11778 1 0.9684392 0.9894571 0.6884068 0.11778 0.352519 0.01260326 -0.1451437 0.9578308 0.3978165
0.9686666 0.1830723 0.9713804 -0.09979571 0.01594909 -0.04812553 0.1255852 0.1255852 0.1196607 0.9684392 1 0.9791006 0.6939186 0.1196607 0.3589832 0.01470101 -0.1590686 0.9528256 0.4044048
0.9894586 0.1792462 0.992115 -0.1019259 0.01362706 -0.05028163 0.1229606 0.1229606 0.1171599 0.9894571 0.9791006 1 0.6847241 0.1171599 0.3580544 0.01190506 -0.1624639 0.9683479 0.3956437
0.681061 0.2575258 0.6792367 -0.07094371 0.02909295 -0.01561929 -0.08335575 -0.08335575 -0.07942345 0.6884068 0.6939186 0.6847241 1 0.0196761 0.2518975 -0.003647936 -0.1130801 0.6697535 0.5577293
0.1165432 -0.02045359 0.1162361 -0.01194163 -0.01267446 -0.01194163 -0.01403089 -0.01403089 -0.01336898 0.11778 0.1196607 0.1171599 0.0196761 1 0.1891318 -0.01527365 -0.01903426 0.1165432 -0.04687601
0.3559301 0.2424146 0.3548717 -0.003663115 0.02708696 -0.04118529 0.04779872 0.04779872 0.02110331 0.352519 0.3589832 0.3580544 0.2518975 0.1891318 1 0.006389818 -0.04172369 0.3405921 0.124652
0.0112073 -0.02336758 0.01085856 -0.01364294 0.07933157 0.1852291 0.153909 0.153909 0.1628406 0.01260326 0.01470101 0.01190506 -0.003647936 -0.01527365 0.006389818 1 -0.02174605 0.03153058 0.03399605
-0.1633236 -0.02912105 -0.1637552 0.6273755 -0.01804543 0.06354515 -0.01997666 -0.01997666 -0.01903426 -0.1451437 -0.1590686 -0.1624639 -0.1130801 -0.01903426 -0.04172369 -0.02174605 1 -0.08101026 -0.06674031
0.957781 0.1783027 0.9604239 -0.1024652 -0.0113124 -0.05082385 0.1223133 0.1223133 0.1165432 0.9578308 0.9528256 0.9683479 0.6697535 0.1165432 0.3405921 0.03153058 -0.08101026 1 0.4086384
0.3934821 -0.07171692 0.3924056 -0.04187123 0.02551999 -0.004793669 -0.04919687 -0.04919687 -0.04687601 0.3978165 0.4044048 0.3956437 0.5577293 -0.04687601 0.124652 0.03399605 -0.06674031 0.4086384 1
