1 -0.2034909 -0.1571321 -0.08484971 -0.2034909 0.5560257 0.1598393 0.8611427 0.9971905 -0.1625087 0.186573 -0.1677414 -0.2034909 -0.3482559 1 -0.3239883 -0.1489544 0.7989606 0.7762259 1 0.5560257 0.3356992 -0.08484971
-0.2034909 1 -0.05336664 -0.02881743 1 0.1888425 0.05428609 0.2801489 -0.2040642 -0.0551927 0.1170251 -0.05696985 1 -0.1207187 -0.2034909 -0.1100359 -0.0551927 0.2606147 -0.1750268 -0.2034909 0.1888425 0.1140132 -0.02881743
-0.1571321 -0.05336664 1 -0.02225232 -0.05336664 0.1458209 0.04191877 -0.1768195 -0.1575748 -0.04261884 0.0767607 -0.04399113 -0.05336664 0.4420742 -0.1571321 0.4659944 -0.04261884 -0.1966707 -0.1467871 -0.1571321 0.1458209 0.08803902 -0.02225232
-0.08484971 -0.02881743 -0.02225232 1 -0.02881743 0.07874177 0.0226357 -0.0954807 -0.08508876 -0.02301373 0.1385812 -0.02375475 -0.02881743 0.2387155 -0.08484971 0.2618912 -0.02301373 -0.1062001 -0.08677184 -0.08484971 0.07874177 0.04754016 1
-0.2034909 1 -0.05336664 -0.02881743 1 0.1888425 0.05428609 0.2801489 -0.2040642 -0.0551927 0.1170251 -0.05696985 1 -0.1207187 -0.2034909 -0.1100359 -0.0551927 0.2606147 -0.1750268 -0.2034909 0.1888425 0.1140132 -0.02881743
0.5560257 0.1888425 0.1458209 0.07874177 0.1888425 1 0.2874675 0.6200696 0.5518442 0.1508105 0.3043666 0.1556665 0.1888425 0.3298562 0.5560257 0.3006659 0.1508105 0.6847938 0.385542 0.5560257 1 0.6037476 0.07874177
0.1598393 0.05428609 0.04191877 0.0226357 0.05428609 0.2874675 1 0.1798659 0.1602897 0.04335312 0.08440704 0.04474905 0.05428609 0.09482295 0.1598393 0.08643169 0.04335312 0.2000591 0.1634602 0.1598393 0.2874675 0.4761386 0.0226357
0.8611427 0.2801489 -0.1768195 -0.0954807 0.2801489 0.6200696 0.1798659 1 0.8636657 -0.1828698 0.2493941 -0.188758 0.2801489 -0.3929531 0.8611427 -0.3645815 -0.1696229 0.8884038 0.6570042 0.8611427 0.6200696 0.3777596 -0.0954807
0.9971905 -0.2040642 -0.1575748 -0.08508876 -0.2040642 0.5518442 0.1602897 0.8636657 1 -0.1629666 0.1849167 -0.168214 -0.2040642 -0.3492623 0.9971905 -0.3249011 -0.1494218 0.7957616 0.7735256 0.9971905 0.5518442 0.336645 -0.08508876
-0.1625087 -0.0551927 -0.04261884 -0.02301373 -0.0551927 0.1508105 0.04335312 -0.1828698 -0.1629666 1 -0.00986656 0.9688053 -0.0551927 -0.09640654 -0.1625087 -0.05103368 0.9673726 0.2035734 -0.1392269 -0.1625087 0.1508105 0.09105147 -0.02301373
0.186573 0.1170251 0.0767607 0.1385812 0.1170251 0.3043666 0.08440704 0.2493941 0.1849167 -0.00986656 1 -0.001775034 0.1170251 0.06919497 0.186573 0.05227738 0.005522026 0.2375531 0.1161986 0.186573 0.3043666 0.1750865 0.1385812
-0.1677414 -0.05696985 -0.04399113 -0.02375475 -0.05696985 0.1556665 0.04474905 -0.188758 -0.168214 0.9688053 -0.001775034 1 -0.05696985 -0.09951074 -0.1677414 -0.05491385 0.9371084 0.2109254 -0.145347 -0.1677414 0.1556665 0.09398325 -0.02375475
-0.2034909 1 -0.05336664 -0.02881743 1 0.1888425 0.05428609 0.2801489 -0.2040642 -0.0551927 0.1170251 -0.05696985 1 -0.1207187 -0.2034909 -0.1100359 -0.0551927 0.2606147 -0.1750268 -0.2034909 0.1888425 0.1140132 -0.02881743
-0.3482559 -0.1207187 0.4420742 0.2387155 -0.1207187 0.3298562 0.09482295 -0.3929531 -0.3492623 -0.09640654 0.06919497 -0.09951074 -0.1207187 1 -0.3482559 0.8724367 -0.09640654 -0.4379206 -0.3063074 -0.3482559 0.3298562 0.1991499 0.2387155
1 -0.2034909 -0.1571321 -0.08484971 -0.2034909 0.5560257 0.1598393 0.8611427 0.9971905 -0.1625087 0.186573 -0.1677414 -0.2034909 -0.3482559 1 -0.3239883 -0.1489544 0.7989606 0.7762259 1 0.5560257 0.3356992 -0.08484971
-0.3239883 -0.1100359 0.4659944 0.2618912 -0.1100359 0.3006659 0.08643169 -0.3645815 -0.3249011 -0.05103368 0.05227738 -0.05491385 -0.1100359 0.8724367 -0.3239883 1 -0.05103368 -0.3981004 -0.3084935 -0.3239883 0.3006659 0.1815263 0.2618912
-0.1489544 -0.0551927 -0.04261884 -0.02301373 -0.0551927 0.1508105 0.04335312 -0.1696229 -0.1494218 0.9673726 0.005522026 0.9371084 -0.0551927 -0.09640654 -0.1489544 -0.05103368 1 0.2035734 -0.1392269 -0.1489544 0.1508105 0.09105147 -0.02301373
0.7989606 0.2606147 -0.1966707 -0.1062001 0.2606147 0.6847938 0.2000591 0.8884038 0.7957616 0.2035734 0.2375531 0.2109254 0.2606147 -0.4379206 0.7989606 -0.3981004 0.2035734 1 0.6000779 0.7989606 0.6847938 0.4201699 -0.1062001
0.7762259 -0.1750268 -0.1467871 -0.08677184 -0.1750268 0.385542 0.1634602 0.6570042 0.7735256 -0.1392269 0.1161986 -0.145347 -0.1750268 -0.3063074 0.7762259 -0.3084935 -0.1392269 0.6000779 1 0.7762259 0.385542 0.22448 -0.08677184
1 -0.2034909 -0.1571321 -0.08484971 -0.2034909 0.5560257 0.1598393 0.8611427 0.9971905 -0.1625087 0.186573 -0.1677414 -0.2034909 -0.3482559 1 -0.3239883 -0.1489544 0.7989606 0.7762259 1 0.5560257 0.3356992 -0.08484971
0.5560257 0.1888425 0.1458209 0.07874177 0.1888425 1 0.2874675 0.6200696 0.5518442 0.1508105 0.3043666 0.1556665 0.1888425 0.3298562 0.5560257 0.3006659 0.1508105 0.6847938 0.385542 0.5560257 1 0.6037476 0.07874177
0.3356992 0.1140132 0.08803902 0.04754016 0.1140132 0.6037476 0.4761386 0.3777596 0.336645 0.09105147 0.1750865 0.09398325 0.1140132 0.1991499 0.3356992 0.1815263 0.09105147 0.4201699 0.22448 0.3356992 0.6037476 1 0.04754016
-0.08484971 -0.02881743 -0.02225232 1 -0.02881743 0.07874177 0.0226357 -0.0954807 -0.08508876 -0.02301373 0.1385812 -0.02375475 -0.02881743 0.2387155 -0.08484971 0.2618912 -0.02301373 -0.1062001 -0.08677184 -0.08484971 0.07874177 0.04754016 1
