1 0.1934213 0.1614309 -0.02547667 0.1929081 0.1934213 0.08655741 0.04282347 0.00165915 0.04179645 -0.04034873 -0.04335312 -0.02405994 -0.01829692 -0.02405994 0.17514 -0.1700274 0.1807728 0.1807728 -0.08923265 0.181291 -0.1683744 -0.1689242 0.185476 -0.1650988 -0.08826164 -0.101742 0.1107443 -0.04261884 0.8694904 0.8694904 0.1116018 0.1823307 0.1844231 0.181291 0.181291 0.181291 -0.101742 0.181291 0.181291 -0.03456157 -0.131216 -0.04889614 0.1111731
0.1934213 1 0.816627 -0.06530307 0.9973466 1 0.697154 0.2758415 -0.1942105 -0.1942105 0.1770602 0.1902442 0.2287046 0.2845225 0.2287046 0.9524201 0.9029808 0.976102 0.976102 -0.526059 0.968152 0.8904399 0.8928491 0.9420192 0.8602203 -0.5651488 -0.5746168 0.5533087 -0.220342 0.1802556 0.1802556 0.5450502 0.9575902 0.9471794 0.9628416 0.9628416 0.9628416 -0.5746168 0.9628416 0.9628416 -0.1786854 0.8948189 0.1786172 0.5555678
0.1614309 0.816627 1 -0.06903144 0.8138477 0.816627 0.5887468 0.3172896 -0.0508897 -0.0508897 0.171948 0.1847513 0.2107476 0.2480582 0.2107476 0.7943715 0.7436617 0.8034315 0.8034315 -0.3041136 0.7955725 0.7313081 0.733651 0.7702283 0.6961067 -0.3541672 -0.3616958 0.5638435 -0.2132758 0.148228 0.148228 0.5557087 0.7852041 0.7751951 0.7902471 0.7902471 0.7902471 -0.3616958 0.7902471 0.7902471 -0.08461282 0.7300905 0.1242502 0.5661826
-0.02547667 -0.06530307 -0.06903144 1 -0.06563882 -0.06530307 -0.02304731 0.05696038 0.1028959 0.1028959 -0.02332165 -0.02505819 -0.03012404 -0.03747615 -0.03012404 -0.06868919 -0.05483862 -0.06496793 -0.06496793 -0.006055311 -0.06463338 -0.05388089 -0.05419977 -0.06197765 -0.05197489 0.08567771 0.08782905 0.01054497 -0.02463378 -0.02547667 -0.02547667 0.01127188 -0.06396605 -0.06263825 -0.06463338 -0.06463338 -0.06463338 0.08782905 -0.06463338 -0.06463338 0.04885201 -0.05515862 -0.02826207 0.01090913
0.1929081 0.9973466 0.8138477 -0.06563882 1 0.9973466 0.6953042 0.272745 -0.1964262 -0.1964262 0.1765904 0.1897394 0.2280978 0.2837676 0.2280978 0.9496787 0.9005392 0.973451 0.973451 -0.5275068 0.9655068 0.8880164 0.8904192 0.9394282 0.8578313 -0.5667729 -0.5762215 0.5484109 -0.2209282 0.1797395 0.1797395 0.5401892 0.9549578 0.9445748 0.9601953 0.9601953 0.9601953 -0.5762215 0.9601953 0.9601953 -0.1791608 0.8923685 0.1780399 0.5506899
0.1934213 1 0.816627 -0.06530307 0.9973466 1 0.697154 0.2758415 -0.1942105 -0.1942105 0.1770602 0.1902442 0.2287046 0.2845225 0.2287046 0.9524201 0.9029808 0.976102 0.976102 -0.526059 0.968152 0.8904399 0.8928491 0.9420192 0.8602203 -0.5651488 -0.5746168 0.5533087 -0.220342 0.1802556 0.1802556 0.5450502 0.9575902 0.9471794 0.9628416 0.9628416 0.9628416 -0.5746168 0.9628416 0.9628416 -0.1786854 0.8948189 0.1786172 0.5555678
0.08655741 0.697154 0.5887468 -0.02304731 0.6953042 0.697154 1 0.2448381 0.00528124 -0.005900827 -0.05667323 -0.03166817 0.01147758 0.1066613 0.02320266 0.6622884 0.6380762 0.6770052 0.6825058 -0.3668774 0.6788678 0.6331322 0.6366037 0.6554733 0.6178745 -0.4028549 -0.3965106 0.3925149 -0.1536123 0.1001922 0.1001922 0.3824041 0.6661129 0.6571678 0.6733682 0.6733682 0.6733682 -0.3965106 0.6733682 0.6733682 -0.1245713 0.6415608 0.1712604 0.3940751
0.04282347 0.2758415 0.3172896 0.05696038 0.272745 0.2758415 0.2448381 1 0.3439278 0.3439278 -0.02675869 -0.02975332 0.01339387 0.04992569 0.02485274 0.2987993 0.2791318 0.2843143 0.2843143 0.2348367 0.2874109 0.2778666 0.2800728 0.2907478 0.2861093 0.2436025 0.2413369 0.6094801 -0.2420487 0.01617307 0.01617307 0.6079695 0.2882338 0.2899022 0.2927856 0.2927856 0.2927856 0.2413369 0.2927856 0.2927856 0.07119314 0.2813437 0.02552183 0.6119581
0.00165915 -0.1942105 -0.0508897 0.1028959 -0.1964262 -0.1942105 0.00528124 0.3439278 1 0.9670828 -0.1576972 -0.1694394 -0.1921887 -0.2152392 -0.1806835 -0.1569443 -0.1834664 -0.1919972 -0.1865996 0.5592471 -0.1843897 -0.1823615 -0.1791414 -0.1829518 -0.1640377 0.6147063 0.623198 0.4328281 -0.1665696 -0.01171995 -0.01171995 0.4231974 -0.1799764 -0.1819556 -0.1843897 -0.1843897 -0.1843897 0.623198 -0.1843897 -0.1843897 0.167055 -0.1802502 -0.02061251 0.4345042
0.04179645 -0.1942105 -0.0508897 0.1028959 -0.1964262 -0.1942105 -0.005900827 0.3439278 0.9670828 1 -0.1576972 -0.1694394 -0.1921887 -0.2247813 -0.1806835 -0.1569443 -0.2049889 -0.1919972 -0.1865996 0.5592471 -0.1843897 -0.2038851 -0.2006645 -0.1721741 -0.1801852 0.6147063 0.623198 0.4328281 -0.1665696 0.04179645 0.04179645 0.4231974 -0.1799764 -0.1819556 -0.1843897 -0.1843897 -0.1843897 0.623198 -0.1843897 -0.1843897 0.167055 -0.2017726 -0.03279044 0.4345042
-0.04034873 0.1770602 0.171948 -0.02332165 0.1765904 0.1770602 -0.05667323 -0.02675869 -0.1576972 -0.1576972 1 0.9306997 0.5915436 0.4708266 0.5915436 0.1724078 0.1926944 0.177531 0.1632502 -0.09664763 0.163725 0.179989 0.1794775 0.1533012 0.1688442 -0.1088118 -0.1072496 0.08412781 -0.03901379 -0.04034873 -0.04034873 0.08498739 0.1646776 0.1523323 0.163725 0.163725 0.163725 -0.1072496 0.163725 0.163725 -0.03163807 0.1779506 -0.01253963 0.0845579
-0.04335312 0.1902442 0.1847513 -0.02505819 0.1897394 0.1902442 -0.03166817 -0.02975332 -0.1694394 -0.1694394 0.9306997 1 0.603938 0.5268857 0.632425 0.1852454 0.2070425 0.1907501 0.1773858 -0.1038441 0.1778956 0.1953648 0.1948152 0.1686695 0.1853652 -0.116914 -0.1152354 0.09278338 -0.04191877 -0.04335312 -0.04335312 0.09369663 0.1789183 0.1676297 0.1778956 0.1778956 0.1778956 -0.1152354 0.1778956 0.1778956 -0.03399386 0.1931746 0.01221219 0.0932403
-0.02405994 0.2287046 0.2107476 -0.03012404 0.2280978 0.2287046 0.01147758 0.01339387 -0.1921887 -0.1921887 0.5915436 0.603938 1 0.7637971 0.9276165 0.2226952 0.248899 0.2293128 0.2179935 -0.1248376 0.2072884 0.2283083 0.2276477 0.2122467 0.1984433 -0.1405498 -0.1385318 0.1036024 -0.05039323 -0.05211754 -0.05211754 0.1047346 0.2085205 0.199695 0.2072884 0.2072884 0.2072884 -0.1385318 0.2072884 0.2072884 -0.04086618 0.2256756 -0.05781561 0.1041689
-0.01829692 0.2845225 0.2480582 -0.03747615 0.2837676 0.2845225 0.1066613 0.04992569 -0.2152392 -0.2247813 0.4708266 0.5268857 0.7637971 1 0.7838081 0.2770465 0.300287 0.2852791 0.2758912 -0.1553055 0.2860374 0.3027474 0.3019251 0.2827936 0.2702799 -0.1748525 -0.172342 0.1629047 -0.06269225 -0.04156716 -0.04156716 0.1641661 0.2875592 0.2812479 0.2860374 0.2860374 0.2860374 -0.172342 0.2860374 0.2860374 -0.05084002 0.3088296 -0.0507451 0.1635355
-0.02405994 0.2287046 0.2107476 -0.03012404 0.2280978 0.2287046 0.02320266 0.02485274 -0.1806835 -0.1806835 0.5915436 0.632425 0.9276165 0.7838081 1 0.2226952 0.248899 0.2293128 0.2179935 -0.1248376 0.2299223 0.2508771 0.250216 0.234849 0.2210187 -0.1405498 -0.1385318 0.1309459 -0.05039323 -0.05211754 -0.05211754 0.1319598 0.2311456 0.2223042 0.2299223 0.2299223 0.2299223 -0.1385318 0.2299223 0.2299223 -0.04086618 0.2482431 -0.006738416 0.131453
0.17514 0.9524201 0.7943715 -0.06868919 0.9496787 0.9524201 0.6622884 0.2987993 -0.1569443 -0.1569443 0.1724078 0.1852454 0.2226952 0.2770465 0.2226952 1 0.8947214 0.9711418 0.9711418 -0.4944512 0.9632434 0.8823583 0.8847038 0.9376158 0.8471694 -0.5444645 -0.5534605 0.5687102 -0.2262878 0.1883391 0.1883391 0.5605392 0.9527982 0.9426467 0.9579196 0.9579196 0.9579196 -0.5534605 0.9579196 0.9579196 -0.1835072 0.8864688 0.1849023 0.5710292
-0.1700274 0.9029808 0.7436617 -0.05483862 0.9005392 0.9029808 0.6380762 0.2791318 -0.1834664 -0.2049889 0.1926944 0.2070425 0.248899 0.300287 0.248899 0.8947214 1 0.916015 0.916015 -0.5015591 0.9078799 0.9868379 0.9894595 0.8801293 0.9501326 -0.5400695 -0.5503779 0.506919 -0.2024646 -0.2093923 -0.2093923 0.4983433 0.8969291 0.8962743 0.9025873 0.9025873 0.9025873 -0.5503779 0.9025873 0.9025873 -0.1641878 0.9762567 0.2096273 0.508998
0.1807728 0.976102 0.8034315 -0.06496793 0.973451 0.976102 0.6770052 0.2843143 -0.1919972 -0.1919972 0.177531 0.1907501 0.2293128 0.2852791 0.2293128 0.9711418 0.916015 1 0.9946897 -0.5443986 0.9867305 0.9034565 0.9058719 0.9605211 0.8679099 -0.5882234 -0.5978972 0.5517943 -0.2197576 0.1939357 0.1939357 0.5435267 0.9761496 0.9657 0.9814213 0.9814213 0.9814213 -0.5978972 0.9814213 0.9814213 -0.1782115 0.9078618 0.1911766 0.5540475
0.1807728 0.976102 0.8034315 -0.06496793 0.973451 0.976102 0.6825058 0.2843143 -0.1865996 -0.1865996 0.1632502 0.1773858 0.2179935 0.2758912 0.2179935 0.9711418 0.916015 0.9946897 1 -0.5443986 0.9867305 0.9034565 0.9058719 0.9605211 0.8679099 -0.5882234 -0.5978972 0.5517943 -0.2197576 0.1939357 0.1939357 0.5435267 0.9761496 0.9710034 0.9814213 0.9814213 0.9814213 -0.5978972 0.9814213 0.9814213 -0.1782115 0.9078618 0.1911766 0.5540475
-0.08923265 -0.526059 -0.3041136 -0.006055311 -0.5275068 -0.526059 -0.3668774 0.2348367 0.5592471 0.5592471 -0.09664763 -0.1038441 -0.1248376 -0.1553055 -0.1248376 -0.4944512 -0.5015591 -0.5443986 -0.5443986 1 -0.5429553 -0.4976045 -0.4989193 -0.5315652 -0.4700582 0.8882088 0.9011471 0.2652667 -0.1020852 -0.1055783 -0.1055783 0.2673207 -0.540082 -0.5343872 -0.5429553 -0.5429553 -0.5429553 0.9011471 -0.5429553 -0.5429553 0.2863408 -0.5028842 -0.1171213 0.2662939
0.181291 0.968152 0.7955725 -0.06463338 0.9655068 0.968152 0.6788678 0.2874109 -0.1843897 -0.1843897 0.163725 0.1778956 0.2072884 0.2860374 0.2299223 0.9632434 0.9078799 0.9867305 0.9867305 -0.5429553 1 0.9164741 0.9188956 0.9737212 0.8808967 -0.5866036 -0.596297 0.5695222 -0.219175 0.1944512 0.1944512 0.5611624 0.989402 0.9789172 0.9946919 0.9946919 0.9946919 -0.596297 0.9946919 0.9946919 -0.1777391 0.9209057 0.2037321 0.5717277
-0.1683744 0.8904399 0.7313081 -0.05388089 0.8880164 0.8904399 0.6331322 0.2778666 -0.1823615 -0.2038851 0.179989 0.1953648 0.2283083 0.3027474 0.2508771 0.8823583 0.9868379 0.9034565 0.9034565 -0.4976045 0.9164741 1 0.9973647 0.8885428 0.957892 -0.5356159 -0.5459892 0.5219524 -0.2008682 -0.2077413 -0.2077413 0.5132609 0.9054775 0.904733 0.9111812 0.9111812 0.9111812 -0.5459892 0.9111812 0.9111812 -0.1628932 0.9842237 0.2234261 0.5239736
-0.1689242 0.8928491 0.733651 -0.05419977 0.8904192 0.8928491 0.6366037 0.2800728 -0.1791414 -0.2006645 0.1794775 0.1948152 0.2276477 0.3019251 0.250216 0.8847038 0.9894595 0.9058719 0.9058719 -0.4989193 0.9188956 0.9973647 1 0.8910174 0.9605778 -0.5370967 -0.5474483 0.5233315 -0.2013989 -0.2082902 -0.2082902 0.514651 0.9079123 0.907194 0.9136029 0.9136029 0.9136029 -0.5474483 0.9136029 0.9136029 -0.1633236 0.9868383 0.2228061 0.5253581
0.185476 0.9420192 0.7702283 -0.06197765 0.9394282 0.9420192 0.6554733 0.2907478 -0.1829518 -0.1721741 0.1533012 0.1686695 0.2122467 0.2827936 0.234849 0.9376158 0.8801293 0.9605211 0.9605211 -0.5315652 0.9737212 0.8885428 0.8910174 1 0.8738205 -0.579978 -0.5898761 0.5575748 -0.2145771 0.1986178 0.1986178 0.5491402 0.9736332 0.9629496 0.9790219 0.9790219 0.9790219 -0.5898761 0.9790219 0.9790219 -0.1740104 0.9037631 0.1724852 0.559734
-0.1650988 0.8602203 0.6961067 -0.05197489 0.8578313 0.8602203 0.6178745 0.2861093 -0.1640377 -0.1801852 0.1688442 0.1853652 0.1984433 0.2702799 0.2210187 0.8471694 0.9501326 0.8679099 0.8679099 -0.4700582 0.8808967 0.957892 0.9605778 0.8738205 1 -0.5144937 -0.5249059 0.5137514 -0.1977121 -0.2044773 -0.2044773 0.5049927 0.8804118 0.8795173 0.8861911 0.8861911 0.8861911 -0.5249059 0.8861911 0.8861911 -0.1603338 0.9581172 0.1913367 0.5157409
-0.08826164 -0.5651488 -0.3541672 0.08567771 -0.5667729 -0.5651488 -0.4028549 0.2436025 0.6147063 0.6147063 -0.1088118 -0.116914 -0.1405498 -0.1748525 -0.1405498 -0.5444645 -0.5400695 -0.5882234 -0.5882234 0.8882088 -0.5866036 -0.5356159 -0.5370967 -0.579978 -0.5144937 1 0.9856424 0.2986535 -0.1149338 -0.1188665 -0.1188665 0.300966 -0.5895481 -0.5831495 -0.5927758 -0.5927758 -0.5927758 0.9856424 -0.5927758 -0.5927758 0.252363 -0.5477156 -0.1318624 0.2923697
-0.101742 -0.5746168 -0.3616958 0.08782905 -0.5762215 -0.5746168 -0.3965106 0.2413369 0.623198 0.623198 -0.1072496 -0.1152354 -0.1385318 -0.172342 -0.1385318 -0.5534605 -0.5503779 -0.5978972 -0.5978972 0.9011471 -0.596297 -0.5459892 -0.5474483 -0.5898761 -0.5249059 0.9856424 1 0.2943655 -0.1132837 -0.1171599 -0.1171599 0.2966449 -0.5993272 -0.5930077 -0.6025157 -0.6025157 -0.6025157 1 -0.6025157 -0.6025157 0.2563087 -0.558049 -0.1299691 0.2955055
0.1107443 0.5533087 0.5638435 0.01054497 0.5484109 0.5533087 0.3925149 0.6094801 0.4328281 0.4328281 0.08412781 0.09278338 0.1036024 0.1629047 0.1309459 0.5687102 0.506919 0.5517943 0.5517943 0.2652667 0.5695222 0.5219524 0.5233315 0.5575748 0.5137514 0.2986535 0.2943655 1 -0.3848401 0.1107443 0.1107443 0.9923163 0.5665083 0.5605349 0.5695222 0.5695222 0.5695222 0.2943655 0.5695222 0.5695222 0.04694424 0.5274905 0.1228521 0.9961424
-0.04261884 -0.220342 -0.2132758 -0.02463378 -0.2209282 -0.220342 -0.1536123 -0.2420487 -0.1665696 -0.1665696 -0.03901379 -0.04191877 -0.05039323 -0.06269225 -0.05039323 -0.2262878 -0.2024646 -0.2197576 -0.2197576 -0.1020852 -0.219175 -0.2008682 -0.2013989 -0.2145771 -0.1977121 -0.1149338 -0.1132837 -0.3848401 1 -0.04261884 -0.04261884 -0.3818831 -0.2180151 -0.2157163 -0.219175 -0.219175 -0.219175 -0.1132837 -0.219175 -0.219175 -0.0334181 -0.2029995 -0.0472784 -0.3833555
0.8694904 0.1802556 0.148228 -0.02547667 0.1797395 0.1802556 0.1001922 0.01617307 -0.01171995 0.04179645 -0.04034873 -0.04335312 -0.05211754 -0.04156716 -0.05211754 0.1883391 -0.2093923 0.1939357 0.1939357 -0.1055783 0.1944512 -0.2077413 -0.2082902 0.1986178 -0.2044773 -0.1188665 -0.1171599 0.1107443 -0.04261884 1 1 0.1116018 0.1954857 0.1712773 0.1944512 0.1944512 0.1944512 -0.1171599 0.1944512 0.1944512 -0.03456157 -0.1705808 -0.04889614 0.1111731
0.8694904 0.1802556 0.148228 -0.02547667 0.1797395 0.1802556 0.1001922 0.01617307 -0.01171995 0.04179645 -0.04034873 -0.04335312 -0.05211754 -0.04156716 -0.05211754 0.1883391 -0.2093923 0.1939357 0.1939357 -0.1055783 0.1944512 -0.2077413 -0.2082902 0.1986178 -0.2044773 -0.1188665 -0.1171599 0.1107443 -0.04261884 1 1 0.1116018 0.1954857 0.1712773 0.1944512 0.1944512 0.1944512 -0.1171599 0.1944512 0.1944512 -0.03456157 -0.1705808 -0.04889614 0.1111731
0.1116018 0.5450502 0.5557087 0.01127188 0.5401892 0.5450502 0.3824041 0.6079695 0.4231974 0.4231974 0.08498739 0.09369663 0.1047346 0.1641661 0.1319598 0.5605392 0.4983433 0.5435267 0.5435267 0.2673207 0.5611624 0.5132609 0.514651 0.5491402 0.5049927 0.300966 0.2966449 0.9923163 -0.3818831 0.1116018 0.1116018 1 0.5581302 0.5584973 0.5611624 0.5611624 0.5611624 0.2966449 0.5611624 0.5611624 0.04778919 0.5188426 0.1238033 0.9884624
0.1823307 0.9575902 0.7852041 -0.06396605 0.9549578 0.9575902 0.6661129 0.2882338 -0.1799764 -0.1799764 0.1646776 0.1789183 0.2085205 0.2875592 0.2311456 0.9527982 0.8969291 0.9761496 0.9761496 -0.540082 0.989402 0.9054775 0.9079123 0.9736332 0.8804118 -0.5895481 -0.5993272 0.5665083 -0.2180151 0.1954857 0.1954857 0.5581302 1 0.9788552 0.994708 0.994708 0.994708 -0.5993272 0.994708 0.994708 -0.1767985 0.9205447 0.2048844 0.5687022
0.1844231 0.9471794 0.7751951 -0.06263825 0.9445748 0.9471794 0.6571678 0.2899022 -0.1819556 -0.1819556 0.1523323 0.1676297 0.199695 0.2812479 0.2223042 0.9426467 0.8962743 0.9657 0.9710034 -0.5343872 0.9789172 0.904733 0.907194 0.9629496 0.8795173 -0.5831495 -0.5930077 0.5605349 -0.2157163 0.1712773 0.1712773 0.5584973 0.9788552 1 0.9842195 0.9842195 0.9842195 -0.5930077 0.9842195 0.9842195 -0.1749342 0.9199013 0.2072038 0.5627056
0.181291 0.9628416 0.7902471 -0.06463338 0.9601953 0.9628416 0.6733682 0.2927856 -0.1843897 -0.1843897 0.163725 0.1778956 0.2072884 0.2860374 0.2299223 0.9579196 0.9025873 0.9814213 0.9814213 -0.5429553 0.9946919 0.9111812 0.9136029 0.9790219 0.8861911 -0.5927758 -0.6025157 0.5695222 -0.219175 0.1944512 0.1944512 0.5611624 0.994708 0.9842195 1 1 1 -0.6025157 1 1 -0.1777391 0.9261982 0.2037321 0.5717277
0.181291 0.9628416 0.7902471 -0.06463338 0.9601953 0.9628416 0.6733682 0.2927856 -0.1843897 -0.1843897 0.163725 0.1778956 0.2072884 0.2860374 0.2299223 0.9579196 0.9025873 0.9814213 0.9814213 -0.5429553 0.9946919 0.9111812 0.9136029 0.9790219 0.8861911 -0.5927758 -0.6025157 0.5695222 -0.219175 0.1944512 0.1944512 0.5611624 0.994708 0.9842195 1 1 1 -0.6025157 1 1 -0.1777391 0.9261982 0.2037321 0.5717277
0.181291 0.9628416 0.7902471 -0.06463338 0.9601953 0.9628416 0.6733682 0.2927856 -0.1843897 -0.1843897 0.163725 0.1778956 0.2072884 0.2860374 0.2299223 0.9579196 0.9025873 0.9814213 0.9814213 -0.5429553 0.9946919 0.9111812 0.9136029 0.9790219 0.8861911 -0.5927758 -0.6025157 0.5695222 -0.219175 0.1944512 0.1944512 0.5611624 0.994708 0.9842195 1 1 1 -0.6025157 1 1 -0.1777391 0.9261982 0.2037321 0.5717277
-0.101742 -0.5746168 -0.3616958 0.08782905 -0.5762215 -0.5746168 -0.3965106 0.2413369 0.623198 0.623198 -0.1072496 -0.1152354 -0.1385318 -0.172342 -0.1385318 -0.5534605 -0.5503779 -0.5978972 -0.5978972 0.9011471 -0.596297 -0.5459892 -0.5474483 -0.5898761 -0.5249059 0.9856424 1 0.2943655 -0.1132837 -0.1171599 -0.1171599 0.2966449 -0.5993272 -0.5930077 -0.6025157 -0.6025157 -0.6025157 1 -0.6025157 -0.6025157 0.2563087 -0.558049 -0.1299691 0.2955055
0.181291 0.9628416 0.7902471 -0.06463338 0.9601953 0.9628416 0.6733682 0.2927856 -0.1843897 -0.1843897 0.163725 0.1778956 0.2072884 0.2860374 0.2299223 0.9579196 0.9025873 0.9814213 0.9814213 -0.5429553 0.9946919 0.9111812 0.9136029 0.9790219 0.8861911 -0.5927758 -0.6025157 0.5695222 -0.219175 0.1944512 0.1944512 0.5611624 0.994708 0.9842195 1 1 1 -0.6025157 1 1 -0.1777391 0.9261982 0.2037321 0.5717277
0.181291 0.9628416 0.7902471 -0.06463338 0.9601953 0.9628416 0.6733682 0.2927856 -0.1843897 -0.1843897 0.163725 0.1778956 0.2072884 0.2860374 0.2299223 0.9579196 0.9025873 0.9814213 0.9814213 -0.5429553 0.9946919 0.9111812 0.9136029 0.9790219 0.8861911 -0.5927758 -0.6025157 0.5695222 -0.219175 0.1944512 0.1944512 0.5611624 0.994708 0.9842195 1 1 1 -0.6025157 1 1 -0.1777391 0.9261982 0.2037321 0.5717277
-0.03456157 -0.1786854 -0.08461282 0.04885201 -0.1791608 -0.1786854 -0.1245713 0.07119314 0.167055 0.167055 -0.03163807 -0.03399386 -0.04086618 -0.05084002 -0.04086618 -0.1835072 -0.1641878 -0.1782115 -0.1782115 0.2863408 -0.1777391 -0.1628932 -0.1633236 -0.1740104 -0.1603338 0.252363 0.2563087 0.04694424 -0.0334181 -0.03456157 -0.03456157 0.04778919 -0.1767985 -0.1749342 -0.1777391 -0.1777391 -0.1777391 0.2563087 -0.1777391 -0.1777391 1 -0.1646216 -0.03834023 0.04736728
-0.131216 0.8948189 0.7300905 -0.05515862 0.8923685 0.8948189 0.6415608 0.2813437 -0.1802502 -0.2017726 0.1779506 0.1931746 0.2256756 0.3088296 0.2482431 0.8864688 0.9762567 0.9078618 0.9078618 -0.5028842 0.9209057 0.9842237 0.9868383 0.9037631 0.9581172 -0.5477156 -0.558049 0.5274905 -0.2029995 -0.1705808 -0.1705808 0.5188426 0.9205447 0.9199013 0.9261982 0.9261982 0.9261982 -0.558049 0.9261982 0.9261982 -0.1646216 1 0.2209556 0.5295332
-0.04889614 0.1786172 0.1242502 -0.02826207 0.1780399 0.1786172 0.1712604 0.02552183 -0.02061251 -0.03279044 -0.01253963 0.01221219 -0.05781561 -0.0507451 -0.006738416 0.1849023 0.2096273 0.1911766 0.1911766 -0.1171213 0.2037321 0.2234261 0.2228061 0.1724852 0.1913367 -0.1318624 -0.1299691 0.1228521 -0.0472784 -0.04889614 -0.04889614 0.1238033 0.2048844 0.2072038 0.2037321 0.2037321 0.2037321 -0.1299691 0.2037321 0.2037321 -0.03834023 0.2209556 1 0.1233278
0.1111731 0.5555678 0.5661826 0.01090913 0.5506899 0.5555678 0.3940751 0.6119581 0.4345042 0.4345042 0.0845579 0.0932403 0.1041689 0.1635355 0.131453 0.5710292 0.508998 0.5540475 0.5540475 0.2662939 0.5717277 0.5239736 0.5253581 0.559734 0.5157409 0.2923697 0.2955055 0.9961424 -0.3833555 0.1111731 0.1111731 0.9884624 0.5687022 0.5627056 0.5717277 0.5717277 0.5717277 0.2955055 0.5717277 0.5717277 0.04736728 0.5295332 0.1233278 1
