1 0.02945051 -0.03215976 0.4662811 -0.01309892 0.0209657 0.023062 0.06773979 0.05473731 -0.05910403 -0.05763505 -0.05805489 -0.05784499 -0.05784499 0.06710301 0.06816498 0.006510308 0.1652028 -0.1016573 -0.1013893 0.1631409 -0.1005895 -0.09953241 -0.09796595 -0.04670328 -0.09874635 -0.1584587
0.02945051 1 0.07116894 0.01572982 -0.003912688 0.7118959 0.7830766 0.1838625 0.1563808 0.09355715 0.08859141 0.09001753 0.08930523 0.08930523 0.1979829 0.1926527 0.2210593 0.06478653 0.1105614 0.1298281 0.04294697 0.1275932 0.1346365 0.1302118 0.6472899 0.1324208 0.2515882
-0.03215976 0.07116894 1 0.03572953 -0.002259547 0.0632111 0.06953141 0.1130265 0.07299281 -0.09195032 -0.08639429 -0.08799077 -0.08719347 -0.08719347 0.1107594 0.1145341 0.01962843 0.1637058 -0.05549545 -0.03608287 0.1596665 -0.03362363 -0.03034625 -0.02543138 0.06210601 -0.02788881 -0.1119984
0.4662811 0.01572982 0.03572953 1 -0.02087892 -0.0088001 -0.001940084 0.05412871 -0.005898462 -0.07511482 -0.07252383 -0.07326623 -0.07289525 -0.07289525 0.07092523 0.07284342 0.01037705 0.1133992 -0.06325042 -0.04635388 0.1110889 -0.04505859 -0.04333505 -0.04075611 -0.0100766 -0.04204471 -0.1086258
-0.01309892 -0.003912688 -0.002259547 -0.02087892 1 0.02574638 0.02832069 0.01404677 0.01285275 -0.02354683 -0.07077723 -0.04654924 -0.02145441 -0.02145441 -0.07953522 -0.07721781 0.007994814 -0.01530605 0.002008111 0.002342902 -0.06741953 -0.01779806 0.004688204 0.006702202 0.02529627 0.005694666 -0.009753936
0.0209657 0.7118959 0.0632111 -0.0088001 0.02574638 1 0.9091013 0.2799935 0.2439581 0.116171 0.1132837 0.1141089 0.1136963 0.1136963 0.2976293 0.2928544 0.3105219 0.05736518 0.1998108 0.1992841 0.05893018 0.1977121 0.1956343 0.1925554 0.8766893 0.1940893 0.3114559
0.023062 0.7830766 0.06953141 -0.001940084 0.02832069 0.9091013 1 0.2998742 0.258141 0.05584496 0.05172878 0.05291233 0.05232133 0.05232133 0.3165272 0.3113427 0.2822959 0.07213925 0.2073824 0.2068026 0.07380189 0.2050712 0.2027815 0.1993858 0.7961999 0.2010779 0.2883601
0.06773979 0.1838625 0.1130265 0.05412871 0.01404677 0.2799935 0.2998742 1 0.7799378 -0.8725157 -0.8508301 -0.8570279 -0.8539293 -0.8539293 0.9339299 0.9186754 0.09610758 0.2677845 0.5074862 0.5345502 0.3070084 0.5352071 0.5284591 0.5184374 0.2740988 0.5234336 -0.144505
0.05473731 0.1563808 0.07299281 -0.005898462 0.01285275 0.2439581 0.258141 0.7799378 1 -0.7269871 -0.7089184 -0.7140825 -0.7115007 -0.7115007 0.7837854 0.7734909 0.08007761 0.3081475 0.3784628 0.3872622 0.3202075 0.3810978 0.3729116 0.3770069 0.2392214 0.3722296 -0.1807713
-0.05910403 0.09355715 -0.09195032 -0.07511482 -0.02354683 0.116171 0.05584496 -0.8725157 -0.7269871 1 0.9751459 0.9679203 0.9715198 0.9715198 -0.8673986 -0.8537602 0.03607363 -0.2635378 -0.4775846 -0.5067041 -0.2894381 -0.4961399 -0.4963867 -0.4876677 0.08223218 -0.4920133 0.2793347
-0.05763505 0.08859141 -0.08639429 -0.07252383 -0.07077723 0.1132837 0.05172878 -0.8508301 -0.7089184 0.9751459 1 0.9927683 0.9527399 0.9527399 -0.8521181 -0.8387794 0.03517706 -0.2706372 -0.4686661 -0.4982227 -0.2816843 -0.4876896 -0.4881639 -0.4796645 0.07897835 -0.4839005 0.2688403
-0.05805489 0.09001753 -0.08799077 -0.07326623 -0.04654924 0.1141089 0.05291233 -0.8570279 -0.7140825 0.9679203 0.9927683 1 0.9456745 0.9456745 -0.8584004 -0.844964 0.0354333 -0.2728586 -0.4667946 -0.496223 -0.2839018 -0.4918601 -0.486088 -0.4775227 0.07991146 -0.4817917 0.2718489
-0.05784499 0.08930523 -0.08719347 -0.07289525 -0.02145441 0.1136963 0.05232133 -0.8539293 -0.7115007 0.9715198 0.9527399 0.9456745 1 0.992742 -0.8620327 -0.8486027 0.03530519 -0.2642332 -0.4646307 -0.4941227 -0.2902594 -0.4835847 -0.4840243 -0.4754897 0.07944527 -0.4797434 0.2838745
-0.05784499 0.08930523 -0.08719347 -0.07289525 -0.02145441 0.1136963 0.05232133 -0.8539293 -0.7115007 0.9715198 0.9527399 0.9456745 0.992742 1 -0.8620327 -0.8486027 0.03530519 -0.2642332 -0.4646307 -0.4941227 -0.2902594 -0.4835847 -0.4840243 -0.4754897 0.07944527 -0.4797434 0.2838745
0.06710301 0.1979829 0.1107594 0.07092523 -0.07953522 0.2976293 0.3165272 0.9339299 0.7837854 -0.8673986 -0.8521181 -0.8584004 -0.8620327 -0.8620327 1 0.9844206 0.0970196 0.2993168 0.5470999 0.5742916 0.3244742 0.5692489 0.5625774 0.5526777 0.2919242 0.5576118 -0.1204713
0.06816498 0.1926527 0.1145341 0.07284342 -0.07721781 0.2928544 0.3113427 0.9186754 0.7734909 -0.8537602 -0.8387794 -0.844964 -0.8486027 -0.8486027 0.9844206 1 0.0955081 0.304983 0.5348396 0.567563 0.3300709 0.5624377 0.5556553 0.5455877 0.2872359 0.550606 -0.1227961
0.006510308 0.2210593 0.01962843 0.01037705 0.007994814 0.3105219 0.2822959 0.09610758 0.08007761 0.03607363 0.03517706 0.0354333 0.03530519 0.03530519 0.0970196 0.0955081 1 0.03312195 0.06204563 0.06188209 0.03350824 0.06139394 0.06074874 0.05979267 0.3160472 0.06026898 0.09671387
0.1652028 0.06478653 0.1637058 0.1133992 -0.01530605 0.05736518 0.07213925 0.2677845 0.3081475 -0.2635378 -0.2706372 -0.2728586 -0.2642332 -0.2642332 0.2993168 0.304983 0.03312195 1 -0.4915584 -0.490194 0.9266284 -0.4861204 -0.4807336 -0.4727458 0.1048006 -0.4767262 -0.7501451
-0.1016573 0.1105614 -0.05549545 -0.06325042 0.002008111 0.1998108 0.2073824 0.5074862 0.3784628 -0.4775846 -0.4686661 -0.4667946 -0.4646307 -0.4646307 0.5470999 0.5348396 0.06204563 -0.4915584 1 0.9392995 -0.4913902 0.9314217 0.9262848 0.9108379 0.1963176 0.9185352 0.5550083
-0.1013893 0.1298281 -0.03608287 -0.04635388 0.002342902 0.1992841 0.2068026 0.5345502 0.3872622 -0.5067041 -0.4982227 -0.496223 -0.4941227 -0.4941227 0.5742916 0.567563 0.06188209 -0.490194 0.9392995 1 -0.5218459 0.9868319 0.9816854 0.9662354 0.1958002 0.9739325 0.5763891
0.1631409 0.04294697 0.1596665 0.1110889 -0.06741953 0.05893018 0.07380189 0.3070084 0.3202075 -0.2894381 -0.2816843 -0.2839018 -0.2902594 -0.2902594 0.3244742 0.3300709 0.03350824 0.9266284 -0.4913902 -0.5218459 1 -0.5177295 -0.5122886 -0.504226 0.1060229 -0.5082427 -0.8155791
-0.1005895 0.1275932 -0.03362363 -0.04505859 -0.01779806 0.1977121 0.2050712 0.5352071 0.3810978 -0.4961399 -0.4876896 -0.4918601 -0.4835847 -0.4835847 0.5692489 0.5624377 0.06139394 -0.4861204 0.9314217 0.9868319 -0.5177295 1 0.9842083 0.9686318 0.1942556 0.9763921 0.5886403
-0.09953241 0.1346365 -0.03034625 -0.04333505 0.004688204 0.1956343 0.2027815 0.5284591 0.3729116 -0.4963867 -0.4881639 -0.486088 -0.4840243 -0.4840243 0.5625774 0.5556553 0.06074874 -0.4807336 0.9262848 0.9816854 -0.5122886 0.9842083 1 0.9842618 0.1922142 0.9921025 0.5877255
-0.09796595 0.1302118 -0.02543138 -0.04075611 0.006702202 0.1925554 0.1993858 0.5184374 0.3770069 -0.4876677 -0.4796645 -0.4775227 -0.4754897 -0.4754897 0.5526777 0.5455877 0.05979267 -0.4727458 0.9108379 0.9662354 -0.504226 0.9686318 0.9842618 1 0.1891891 0.9920969 0.5835871
-0.04670328 0.6472899 0.06210601 -0.0100766 0.02529627 0.8766893 0.7961999 0.2740988 0.2392214 0.08223218 0.07897835 0.07991146 0.07944527 0.07944527 0.2919242 0.2872359 0.3160472 0.1048006 0.1963176 0.1958002 0.1060229 0.1942556 0.1922142 0.1891891 1 0.1906962 0.3060109
-0.09874635 0.1324208 -0.02788881 -0.04204471 0.005694666 0.1940893 0.2010779 0.5234336 0.3722296 -0.4920133 -0.4839005 -0.4817917 -0.4797434 -0.4797434 0.5576118 0.550606 0.06026898 -0.4767262 0.9185352 0.9739325 -0.5082427 0.9763921 0.9921025 0.9920969 0.1906962 1 0.5885255
-0.1584587 0.2515882 -0.1119984 -0.1086258 -0.009753936 0.3114559 0.2883601 -0.144505 -0.1807713 0.2793347 0.2688403 0.2718489 0.2838745 0.2838745 -0.1204713 -0.1227961 0.09671387 -0.7501451 0.5550083 0.5763891 -0.8155791 0.5886403 0.5877255 0.5835871 0.3060109 0.5885255 1
