1 0.9386185 -0.04954571 -0.09087859 0.9386185 -0.05167429 0.2468087 -0.05167429 -0.05167429 -0.03333891 -0.04900299 -0.09009446 -0.04900299 0.5116119 -0.09009446 -0.05061818 -0.04900299 0.5116119 0.5242481 -0.06011543 -0.04845574 -0.04845574 -0.04954571 -0.04845574 -0.03181318 0.2208976 0.5157375 0.5157375 -0.03956743 0.5466796 0.3446295 -0.04084146 0.9386185 0.9386185 0.9386185 0.9386185 0.9386185 0.3164379 -0.04845574 -0.07347138 0.5199486 -0.04734702 0.9386185 0.5157375 0.9386185 -0.04790381 -0.06653357 -0.06653357 0.9180617 0.9386185 -0.0276751 -0.02287005 -0.07682213 0.5729299 0.2266058 -0.02247192 -0.06697814 0.9386185 0.2186695 -0.07431548 0.9386185 0.9386185 0.2674494 -0.04084146 0.9386185 0.9386185 -0.04208369
0.9386185 1 -0.04650452 -0.08530033 1 -0.04850244 0.2766305 -0.04850244 -0.04850244 -0.03129252 -0.04599511 -0.08456433 -0.04599511 0.5502619 -0.08456433 -0.04751116 -0.04599511 0.5502619 0.5634954 -0.05642545 -0.04548146 -0.04548146 -0.04650452 -0.04548146 -0.02986044 0.2506659 0.5545816 0.5545816 -0.03713872 0.5848174 0.3744022 -0.03833455 1 1 1 1 1 0.3475011 -0.04548146 -0.0689616 0.5589916 -0.04444079 1 0.5545816 1 -0.0449634 -0.06244964 -0.06244964 0.9782788 1 -0.02597636 -0.02146626 -0.07210667 0.6145472 0.2554307 -0.01758177 -0.06286692 1 0.2484472 -0.06975389 1 1 0.2974964 -0.03833455 1 1 -0.03950053
-0.04954571 -0.04650452 1 -0.1267668 -0.04650452 0.9377692 0.3992861 0.9377692 0.9377692 -0.04650452 0.9890461 -0.125673 0.9890461 0.799343 -0.125673 0.9359791 0.9670169 0.7809294 0.7623251 -0.08385515 0.9780008 0.9780008 0.9563628 0.9780008 -0.04437627 0.349743 0.7871138 0.7871138 0.718561 0.2978766 0.5486578 0.7983986 -0.04650452 -0.04650452 -0.04650452 -0.04650452 -0.04650452 0.4898883 0.9557542 -0.1024854 0.7561242 0.9329192 -0.04650452 0.7500513 -0.04650452 0.9443895 -0.0757164 -0.0757164 -0.04753708 -0.04650452 -0.03860406 -0.03190149 -0.1071594 -0.07567282 0.3224163 -0.007672297 -0.07642474 -0.04650452 0.3238024 -0.08794126 -0.04650452 -0.04650452 0.3932642 -0.05696985 -0.04650452 -0.04650452 -0.05870263
-0.09087859 -0.08530033 -0.1267668 1 -0.08530033 -0.1322129 0.746638 -0.1322129 -0.1322129 -0.08530033 -0.1253782 0.9653741 -0.1253782 -0.1550177 0.9653741 -0.07566781 -0.1253782 -0.1550177 -0.1513772 -0.1421631 -0.123978 -0.123978 -0.09934013 -0.123978 0.3500624 0.6689747 -0.1538102 -0.1538102 -0.1012365 -0.08254746 -0.07049964 -0.08820497 -0.08530033 -0.08530033 -0.08530033 -0.08530033 -0.08530033 0.3800855 -0.1099956 0.4597028 -0.140874 -0.1068716 -0.08530033 -0.1305159 -0.08530033 -0.1084422 0.6246927 0.6246927 -0.06793634 -0.08530033 -0.07080901 0.251655 0.5173269 -0.06269013 0.5871703 0.04255462 0.6087655 -0.08530033 0.6486952 0.4422574 -0.08530033 -0.08530033 0.3196796 -0.006748626 -0.08530033 -0.08530033 -0.01254948
0.9386185 1 -0.04650452 -0.08530033 1 -0.04850244 0.2766305 -0.04850244 -0.04850244 -0.03129252 -0.04599511 -0.08456433 -0.04599511 0.5502619 -0.08456433 -0.04751116 -0.04599511 0.5502619 0.5634954 -0.05642545 -0.04548146 -0.04548146 -0.04650452 -0.04548146 -0.02986044 0.2506659 0.5545816 0.5545816 -0.03713872 0.5848174 0.3744022 -0.03833455 1 1 1 1 1 0.3475011 -0.04548146 -0.0689616 0.5589916 -0.04444079 1 0.5545816 1 -0.0449634 -0.06244964 -0.06244964 0.9782788 1 -0.02597636 -0.02146626 -0.07210667 0.6145472 0.2554307 -0.01758177 -0.06286692 1 0.2484472 -0.06975389 1 1 0.2974964 -0.03833455 1 1 -0.03950053
-0.05167429 -0.04850244 0.9377692 -0.1322129 -0.04850244 1 0.4287688 1 1 -0.04850244 0.9483051 -0.1310721 0.9483051 0.7641124 -0.1310721 0.896958 0.9270635 0.746357 0.7285742 -0.08745773 0.9377148 0.9377148 0.9167307 0.9377148 -0.04628276 0.3226355 0.7523722 0.7523722 0.6885264 0.2829538 0.521209 0.7653698 -0.04850244 -0.04850244 -0.04850244 -0.04850244 -0.04850244 0.4618397 0.9162635 -0.1068884 0.7225426 0.8943667 -0.04850244 0.7166347 -0.04850244 0.9053658 -0.08031466 -0.08031466 -0.04957937 -0.04850244 -0.04026256 -0.03327204 -0.1117631 -0.07892387 0.2974443 -0.01301399 -0.08104649 -0.04850244 0.297492 -0.0929569 -0.04850244 -0.04850244 0.3668996 -0.05941739 -0.04850244 -0.04850244 -0.06122461
0.2468087 0.2766305 0.3992861 0.746638 0.2766305 0.4287688 1 0.4287688 0.4287688 -0.1131203 0.4066036 0.7400913 0.4066036 0.5027251 0.7400913 0.4200057 0.3946688 0.4927491 0.4909189 -0.2039741 0.4020628 0.4020628 0.4111069 0.4020628 0.2639707 0.8629492 0.4988094 0.4988094 0.2849463 0.3082425 0.3724732 0.3388831 0.2766305 0.2766305 0.2766305 0.2766305 0.2766305 0.7313498 0.4020628 0.309008 0.4948741 0.3928631 0.2766305 0.4988094 0.2766305 0.3974831 0.4687267 0.4687267 0.2827726 0.2766305 -0.09390273 0.1897649 0.3547003 0.1330331 0.7806283 0.02193622 0.4728457 0.2766305 0.830448 0.3014853 0.2766305 0.2766305 0.6056444 -0.05431912 0.2766305 0.2766305 -0.06079463
-0.05167429 -0.04850244 0.9377692 -0.1322129 -0.04850244 1 0.4287688 1 1 -0.04850244 0.9483051 -0.1310721 0.9483051 0.7641124 -0.1310721 0.896958 0.9270635 0.746357 0.7285742 -0.08745773 0.9377148 0.9377148 0.9167307 0.9377148 -0.04628276 0.3226355 0.7523722 0.7523722 0.6885264 0.2829538 0.521209 0.7653698 -0.04850244 -0.04850244 -0.04850244 -0.04850244 -0.04850244 0.4618397 0.9162635 -0.1068884 0.7225426 0.8943667 -0.04850244 0.7166347 -0.04850244 0.9053658 -0.08031466 -0.08031466 -0.04957937 -0.04850244 -0.04026256 -0.03327204 -0.1117631 -0.07892387 0.2974443 -0.01301399 -0.08104649 -0.04850244 0.297492 -0.0929569 -0.04850244 -0.04850244 0.3668996 -0.05941739 -0.04850244 -0.04850244 -0.06122461
-0.05167429 -0.04850244 0.9377692 -0.1322129 -0.04850244 1 0.4287688 1 1 -0.04850244 0.9483051 -0.1310721 0.9483051 0.7641124 -0.1310721 0.896958 0.9270635 0.746357 0.7285742 -0.08745773 0.9377148 0.9377148 0.9167307 0.9377148 -0.04628276 0.3226355 0.7523722 0.7523722 0.6885264 0.2829538 0.521209 0.7653698 -0.04850244 -0.04850244 -0.04850244 -0.04850244 -0.04850244 0.4618397 0.9162635 -0.1068884 0.7225426 0.8943667 -0.04850244 0.7166347 -0.04850244 0.9053658 -0.08031466 -0.08031466 -0.04957937 -0.04850244 -0.04026256 -0.03327204 -0.1117631 -0.07892387 0.2974443 -0.01301399 -0.08104649 -0.04850244 0.297492 -0.0929569 -0.04850244 -0.04850244 0.3668996 -0.05941739 -0.04850244 -0.04850244 -0.06122461
-0.03333891 -0.03129252 -0.04650452 -0.08530033 -0.03129252 -0.04850244 -0.1131203 -0.04850244 -0.04850244 1 -0.04599511 -0.08456433 -0.04599511 -0.05686841 -0.08456433 -0.04751116 -0.01441514 -0.03047144 -0.05553288 -0.05642545 -0.04548146 -0.04548146 -0.04650452 -0.04548146 -0.02986044 -0.1248376 -0.05642545 -0.05642545 -0.03713872 -0.03652867 -0.06696152 -0.03833455 -0.03129252 -0.03129252 -0.03129252 -0.03129252 -0.03129252 -0.09005012 -0.04548146 -0.0689616 -0.0559803 -0.04444079 -0.03129252 -0.05642545 -0.03129252 -0.0449634 -0.06244964 -0.06244964 -0.03198732 -0.03129252 -0.02597636 -0.02146626 -0.07210667 -0.05091963 -0.1149338 0.01284513 -0.06286692 -0.03129252 -0.1259524 -0.04721619 -0.03129252 -0.03129252 -0.1051862 -0.03833455 -0.03129252 -0.03129252 -0.03950053
-0.04900299 -0.04599511 0.9890461 -0.1253782 -0.04599511 0.9483051 0.4066036 0.9483051 0.9483051 -0.04599511 1 -0.1242964 1 0.8087991 -0.1242964 0.9464673 0.9777582 0.7902077 0.771383 -0.0829366 0.9888324 0.9888324 0.9670169 0.9888324 -0.04389018 0.3569411 0.7964382 0.7964382 0.7266332 0.30187 0.5560035 0.807278 -0.04599511 -0.04599511 -0.04599511 -0.04599511 -0.04599511 0.4973738 0.9663711 -0.1013628 0.7651359 0.9432839 -0.04599511 0.759018 -0.04599511 0.9548809 -0.07453483 -0.07453483 -0.04701636 -0.04599511 -0.03818119 -0.03155204 -0.1059855 -0.0748439 0.3290474 -0.006276234 -0.07523724 -0.04599511 0.3307843 -0.08665401 -0.04599511 -0.04599511 0.4002807 -0.05634581 -0.04599511 -0.04599511 -0.05805961
-0.09009446 -0.08456433 -0.125673 0.9653741 -0.08456433 -0.1310721 0.7400913 -0.1310721 -0.1310721 -0.08456433 -0.1242964 1 -0.1242964 -0.1536802 1 -0.07425778 -0.1242964 -0.1536802 -0.150071 -0.1524831 -0.1229083 -0.1229083 -0.09809732 -0.1229083 0.3531091 0.6701981 -0.1524831 -0.1524831 -0.100363 -0.08159579 -0.05807601 -0.08721482 -0.08456433 -0.08456433 -0.08456433 -0.08456433 -0.08456433 0.3772166 -0.10885 0.4648441 -0.1394937 -0.1057488 -0.08456433 -0.1290622 -0.08456433 -0.107308 0.5980791 0.5980791 -0.06707936 -0.08456433 -0.07019804 0.2538453 0.5229019 -0.06107894 0.5873454 0.0446261 0.6037383 -0.08456433 0.6498723 0.4473342 -0.08456433 -0.08456433 0.3177308 -0.005315868 -0.08456433 -0.08456433 -0.01110355
-0.04900299 -0.04599511 0.9890461 -0.1253782 -0.04599511 0.9483051 0.4066036 0.9483051 0.9483051 -0.04599511 1 -0.1242964 1 0.8087991 -0.1242964 0.9464673 0.9777582 0.7902077 0.771383 -0.0829366 0.9888324 0.9888324 0.9670169 0.9888324 -0.04389018 0.3569411 0.7964382 0.7964382 0.7266332 0.30187 0.5560035 0.807278 -0.04599511 -0.04599511 -0.04599511 -0.04599511 -0.04599511 0.4973738 0.9663711 -0.1013628 0.7651359 0.9432839 -0.04599511 0.759018 -0.04599511 0.9548809 -0.07453483 -0.07453483 -0.04701636 -0.04599511 -0.03818119 -0.03155204 -0.1059855 -0.0748439 0.3290474 -0.006276234 -0.07523724 -0.04599511 0.3307843 -0.08665401 -0.04599511 -0.04599511 0.4002807 -0.05634581 -0.04599511 -0.04599511 -0.05805961
0.5116119 0.5502619 0.799343 -0.1550177 0.5502619 0.7641124 0.5027251 0.7641124 0.7641124 -0.05686841 0.8087991 -0.1536802 0.8087991 1 -0.1536802 0.7631598 0.7902077 0.9844599 0.9765154 -0.1025429 0.7997667 0.7997667 0.7809294 0.7997667 -0.05426586 0.4459279 0.9922109 0.9922109 0.585512 0.5966129 0.685164 0.6522171 0.5502619 0.5502619 0.5502619 0.5502619 0.5502619 0.6203199 0.7809918 -0.125325 0.9686422 0.7623064 0.5502619 0.9609322 0.5502619 0.7716924 -0.09906655 -0.09906655 0.5366208 0.5502619 -0.04720727 -0.03901098 -0.1310406 0.2992287 0.4254173 -0.01559669 -0.09989933 0.5502619 0.4227578 -0.1134968 0.5502619 0.5502619 0.5097238 -0.06966602 0.5502619 0.5502619 -0.07178496
-0.09009446 -0.08456433 -0.125673 0.9653741 -0.08456433 -0.1310721 0.7400913 -0.1310721 -0.1310721 -0.08456433 -0.1242964 1 -0.1242964 -0.1536802 1 -0.07425778 -0.1242964 -0.1536802 -0.150071 -0.1524831 -0.1229083 -0.1229083 -0.09809732 -0.1229083 0.3531091 0.6701981 -0.1524831 -0.1524831 -0.100363 -0.08159579 -0.05807601 -0.08721482 -0.08456433 -0.08456433 -0.08456433 -0.08456433 -0.08456433 0.3772166 -0.10885 0.4648441 -0.1394937 -0.1057488 -0.08456433 -0.1290622 -0.08456433 -0.107308 0.5980791 0.5980791 -0.06707936 -0.08456433 -0.07019804 0.2538453 0.5229019 -0.06107894 0.5873454 0.0446261 0.6037383 -0.08456433 0.6498723 0.4473342 -0.08456433 -0.08456433 0.3177308 -0.005315868 -0.08456433 -0.08456433 -0.01110355
-0.05061818 -0.04751116 0.9359791 -0.07566781 -0.04751116 0.896958 0.4200057 0.896958 0.896958 -0.04751116 0.9464673 -0.07425778 0.9464673 0.7631598 -0.07425778 1 0.9464673 0.7631598 0.7449778 -0.08567028 0.9572795 0.9572795 0.9359791 0.9572795 -0.04533684 0.3805839 0.7692567 0.7692567 0.7031149 0.2902152 0.5345654 0.7814109 -0.04751116 -0.04751116 -0.04751116 -0.04751116 -0.04751116 0.4755036 0.9354426 -0.04245636 0.7388644 0.9130902 -0.04751116 0.7328768 -0.04751116 0.9243181 -0.07804012 -0.07804012 -0.04856607 -0.04751116 -0.03943968 -0.03259203 -0.04921384 -0.07731083 0.3557429 0.03127832 -0.07876026 -0.04751116 0.3549232 -0.02874669 -0.04751116 -0.04751116 0.379758 -0.05820302 -0.04751116 -0.04751116 -0.05997331
-0.04900299 -0.04599511 0.9670169 -0.1253782 -0.04599511 0.9270635 0.3946688 0.9270635 0.9270635 -0.01441514 0.9777582 -0.1242964 0.9777582 0.7902077 -0.1242964 0.9464673 1 0.8087991 0.771383 -0.0829366 0.9888324 0.9888324 0.9670169 0.9888324 -0.04389018 0.3569411 0.7964382 0.7964382 0.7266332 0.30187 0.5560035 0.807278 -0.04599511 -0.04599511 -0.04599511 -0.04599511 -0.04599511 0.4973738 0.9663711 -0.1013628 0.7651359 0.9432839 -0.04599511 0.759018 -0.04599511 0.9548809 -0.07453483 -0.07453483 -0.04701636 -0.04599511 -0.03818119 -0.03155204 -0.1059855 -0.0748439 0.3290474 -0.006276234 -0.07523724 -0.04599511 0.3307843 -0.08665401 -0.04599511 -0.04599511 0.4002807 -0.05634581 -0.04599511 -0.04599511 -0.05805961
0.5116119 0.5502619 0.7809294 -0.1550177 0.5502619 0.746357 0.4927491 0.746357 0.746357 -0.03047144 0.7902077 -0.1536802 0.7902077 0.9844599 -0.1536802 0.7631598 0.8087991 1 0.9765154 -0.1025429 0.7997667 0.7997667 0.7809294 0.7997667 -0.05426586 0.4459279 0.9922109 0.9922109 0.585512 0.5966129 0.685164 0.6522171 0.5502619 0.5502619 0.5502619 0.5502619 0.5502619 0.6203199 0.7809918 -0.125325 0.9686422 0.7623064 0.5502619 0.9609322 0.5502619 0.7716924 -0.09906655 -0.09906655 0.5366208 0.5502619 -0.04720727 -0.03901098 -0.1310406 0.2992287 0.4254173 -0.01559669 -0.09989933 0.5502619 0.4227578 -0.1134968 0.5502619 0.5502619 0.5097238 -0.06966602 0.5502619 0.5502619 -0.07178496
0.5242481 0.5634954 0.7623251 -0.1513772 0.5634954 0.7285742 0.4909189 0.7285742 0.7285742 -0.05553288 0.771383 -0.150071 0.771383 0.9765154 -0.150071 0.7449778 0.771383 0.9765154 1 -0.1001347 0.7807149 0.7807149 0.7623251 0.7807149 -0.05299145 0.4448411 0.9841813 0.9841813 0.5998939 0.5645447 0.7038338 0.6679999 0.5634954 0.5634954 0.5634954 0.5634954 0.5634954 0.6166885 0.7615721 -0.1223818 0.959909 0.7416524 0.5634954 0.9522897 0.5634954 0.7516632 -0.09611859 -0.09611859 0.5496414 0.5634954 -0.04609862 -0.03809482 -0.1279632 0.3090793 0.4225427 -0.0121436 -0.09693502 0.5634954 0.4213619 -0.1102597 0.5634954 0.5634954 0.5069301 -0.06802994 0.5634954 0.5634954 -0.07009912
-0.06011543 -0.05642545 -0.08385515 -0.1421631 -0.05642545 -0.08745773 -0.2039741 -0.08745773 -0.08745773 -0.05642545 -0.0829366 -0.1524831 -0.0829366 -0.1025429 -0.1524831 -0.08567028 -0.0829366 -0.1025429 -0.1001347 1 -0.0820104 -0.0820104 -0.08385515 -0.0820104 -0.05384318 -0.2251022 -0.1017442 -0.1017442 -0.02164472 -0.06586708 -0.07945395 -0.06912338 -0.05642545 -0.05642545 -0.05642545 -0.05642545 -0.05642545 -0.1511038 -0.0820104 -0.1243489 -0.1009415 -0.0801339 -0.05642545 -0.1017442 -0.05642545 -0.08107626 -0.09809045 -0.09809045 -0.05767829 -0.05642545 -0.04683956 -0.03870712 -0.13002 -0.0918163 -0.1972702 -0.03248654 -0.0989178 -0.05642545 -0.2174681 -0.1257775 -0.05642545 -0.05642545 -0.1792948 -0.06912338 -0.05642545 -0.05642545 -0.07122582
-0.04845574 -0.04548146 0.9780008 -0.123978 -0.04548146 0.9377148 0.4020628 0.9377148 0.9377148 -0.04548146 0.9888324 -0.1229083 0.9888324 0.7997667 -0.1229083 0.9572795 0.9888324 0.7997667 0.7807149 -0.0820104 1 1 0.9780008 1 -0.04340003 0.3643251 0.8060451 0.8060451 0.7349546 0.3059795 0.5635627 0.8164324 -0.04548146 -0.04548146 -0.04548146 -0.04548146 -0.04548146 0.5050683 0.9773169 -0.1002308 0.77442 0.9539697 -0.04548146 0.7682555 -0.04548146 0.9656973 -0.0733394 -0.0733394 -0.0464913 -0.04548146 -0.0377548 -0.03119968 -0.1048019 -0.07400807 0.3358498 -0.004853569 -0.07403583 -0.04548146 0.3379446 -0.08535234 -0.04548146 -0.04548146 0.4074848 -0.05571656 -0.04548146 -0.04548146 -0.05741122
-0.04845574 -0.04548146 0.9780008 -0.123978 -0.04548146 0.9377148 0.4020628 0.9377148 0.9377148 -0.04548146 0.9888324 -0.1229083 0.9888324 0.7997667 -0.1229083 0.9572795 0.9888324 0.7997667 0.7807149 -0.0820104 1 1 0.9780008 1 -0.04340003 0.3643251 0.8060451 0.8060451 0.7349546 0.3059795 0.5635627 0.8164324 -0.04548146 -0.04548146 -0.04548146 -0.04548146 -0.04548146 0.5050683 0.9773169 -0.1002308 0.77442 0.9539697 -0.04548146 0.7682555 -0.04548146 0.9656973 -0.0733394 -0.0733394 -0.0464913 -0.04548146 -0.0377548 -0.03119968 -0.1048019 -0.07400807 0.3358498 -0.004853569 -0.07403583 -0.04548146 0.3379446 -0.08535234 -0.04548146 -0.04548146 0.4074848 -0.05571656 -0.04548146 -0.04548146 -0.05741122
-0.04954571 -0.04650452 0.9563628 -0.09934013 -0.04650452 0.9167307 0.4111069 0.9167307 0.9167307 -0.04650452 0.9670169 -0.09809732 0.9670169 0.7809294 -0.09809732 0.9359791 0.9670169 0.7809294 0.7623251 -0.08385515 0.9780008 0.9780008 1 0.9780008 -0.04437627 0.3725203 0.7871138 0.7871138 0.718561 0.2978766 0.5810663 0.7983986 -0.04650452 -0.04650452 -0.04650452 -0.04650452 -0.04650452 0.5164293 0.9557542 -0.1024854 0.7561242 0.9329192 -0.04650452 0.7500513 -0.04650452 0.9443895 -0.04153353 -0.04153353 -0.04753708 -0.04650452 -0.03860406 -0.03190149 -0.0764614 -0.07567282 0.345903 0.03477734 -0.04241831 -0.04650452 0.3465127 -0.08794126 -0.04650452 -0.04650452 0.3932642 -0.05696985 -0.04650452 -0.04650452 -0.05870263
-0.04845574 -0.04548146 0.9780008 -0.123978 -0.04548146 0.9377148 0.4020628 0.9377148 0.9377148 -0.04548146 0.9888324 -0.1229083 0.9888324 0.7997667 -0.1229083 0.9572795 0.9888324 0.7997667 0.7807149 -0.0820104 1 1 0.9780008 1 -0.04340003 0.3643251 0.8060451 0.8060451 0.7349546 0.3059795 0.5635627 0.8164324 -0.04548146 -0.04548146 -0.04548146 -0.04548146 -0.04548146 0.5050683 0.9773169 -0.1002308 0.77442 0.9539697 -0.04548146 0.7682555 -0.04548146 0.9656973 -0.0733394 -0.0733394 -0.0464913 -0.04548146 -0.0377548 -0.03119968 -0.1048019 -0.07400807 0.3358498 -0.004853569 -0.07403583 -0.04548146 0.3379446 -0.08535234 -0.04548146 -0.04548146 0.4074848 -0.05571656 -0.04548146 -0.04548146 -0.05741122
-0.03181318 -0.02986044 -0.04437627 0.3500624 -0.02986044 -0.04628276 0.2639707 -0.04628276 -0.04628276 -0.02986044 -0.04389018 0.3531091 -0.04389018 -0.05426586 0.3531091 -0.04533684 -0.04389018 -0.05426586 -0.05299145 -0.05384318 -0.04340003 -0.04340003 -0.04437627 -0.04340003 1 0.2391943 -0.05384318 -0.05384318 -0.03543909 -0.03485696 -0.06389707 -0.0365802 -0.02986044 -0.02986044 -0.02986044 -0.02986044 -0.02986044 -0.08592904 -0.04340003 0.433001 -0.0534184 -0.04240698 -0.02986044 -0.05384318 -0.02986044 -0.04290568 -0.05959168 -0.05959168 -0.03052344 -0.02986044 -0.02478757 -0.02048387 0.4141148 -0.04858933 0.2598054 0.01778764 -0.05998986 -0.02986044 0.2200646 0.4045283 -0.02986044 -0.02986044 -0.1003724 -0.0365802 -0.02986044 -0.02986044 -0.03769281
0.2208976 0.2506659 0.349743 0.6689747 0.2506659 0.3226355 0.8629492 0.3226355 0.3226355 -0.1248376 0.3569411 0.6701981 0.3569411 0.4459279 0.6701981 0.3805839 0.3569411 0.4459279 0.4448411 -0.2251022 0.3643251 0.3643251 0.3725203 0.3643251 0.2391943 1 0.451991 0.451991 0.2557161 0.2784698 0.3672263 0.3070755 0.2506659 0.2506659 0.2506659 0.2506659 0.2506659 0.7144116 0.3643251 0.5110344 0.4484251 0.3559889 0.2506659 0.451991 0.2506659 0.3601753 0.491326 0.491326 0.2562315 0.2506659 -0.1036294 0.1719535 0.5375455 0.4078871 0.8716296 0.1186797 0.4947146 0.2506659 0.9615136 0.4931077 0.2506659 0.2506659 0.7724618 0.3070755 0.2506659 0.2506659 0.3032488
0.5157375 0.5545816 0.7871138 -0.1538102 0.5545816 0.7523722 0.4988094 0.7523722 0.7523722 -0.05642545 0.7964382 -0.1524831 0.7964382 0.9922109 -0.1524831 0.7692567 0.7964382 0.9922109 0.9841813 -0.1017442 0.8060451 0.8060451 0.7871138 0.8060451 -0.05384318 0.451991 1 1 0.5902073 0.6013634 0.6912639 0.6573692 0.5545816 0.5545816 0.5545816 0.5545816 0.5545816 0.6266005 0.7871503 -0.1243489 0.9762694 0.7683188 0.5545816 0.9685216 0.5545816 0.7777782 -0.09809045 -0.09809045 0.5408713 0.5545816 -0.04683956 -0.03870712 -0.13002 0.302451 0.4310943 -0.0144596 -0.0989178 0.5545816 0.4287017 -0.1124247 0.5545816 0.5545816 0.5156881 -0.06912338 0.5545816 0.5545816 -0.07122582
0.5157375 0.5545816 0.7871138 -0.1538102 0.5545816 0.7523722 0.4988094 0.7523722 0.7523722 -0.05642545 0.7964382 -0.1524831 0.7964382 0.9922109 -0.1524831 0.7692567 0.7964382 0.9922109 0.9841813 -0.1017442 0.8060451 0.8060451 0.7871138 0.8060451 -0.05384318 0.451991 1 1 0.5902073 0.6013634 0.6912639 0.6573692 0.5545816 0.5545816 0.5545816 0.5545816 0.5545816 0.6266005 0.7871503 -0.1243489 0.9762694 0.7683188 0.5545816 0.9685216 0.5545816 0.7777782 -0.09809045 -0.09809045 0.5408713 0.5545816 -0.04683956 -0.03870712 -0.13002 0.302451 0.4310943 -0.0144596 -0.0989178 0.5545816 0.4287017 -0.1124247 0.5545816 0.5545816 0.5156881 -0.06912338 0.5545816 0.5545816 -0.07122582
-0.03956743 -0.03713872 0.718561 -0.1012365 -0.03713872 0.6885264 0.2849463 0.6885264 0.6885264 -0.03713872 0.7266332 -0.100363 0.7266332 0.585512 -0.100363 0.7031149 0.7266332 0.585512 0.5998939 -0.02164472 0.7349546 0.7349546 0.718561 0.7349546 -0.03543909 0.2557161 0.5902073 0.5902073 1 0.3210403 0.4159186 0.6201391 -0.03713872 -0.03713872 -0.03713872 -0.03713872 -0.03713872 0.3637387 0.70775 -0.0818453 0.5493837 0.6968723 -0.03713872 0.544885 -0.03713872 0.6885797 -0.05321627 -0.05321627 -0.03796333 -0.03713872 -0.03082937 -0.02547667 -0.08557795 -0.06043265 0.2082469 -0.03102279 -0.05381938 -0.03713872 0.2254341 -0.06356027 -0.03713872 -0.03713872 0.2784019 -0.04549638 -0.03713872 -0.03713872 -0.04688019
0.5466796 0.5848174 0.2978766 -0.08254746 0.5848174 0.2829538 0.3082425 0.2829538 0.2829538 -0.03652867 0.30187 -0.08159579 0.30187 0.5966129 -0.08159579 0.2902152 0.30187 0.5966129 0.5645447 -0.06586708 0.3059795 0.3059795 0.2978766 0.3059795 -0.03485696 0.2784698 0.6013634 0.6013634 0.3210403 1 0.3845668 0.1483427 0.5848174 0.5848174 0.5848174 0.5848174 0.5848174 0.3891719 0.3336004 -0.08050089 0.6293701 0.3427603 0.5848174 0.6243714 0.5848174 0.3381111 -0.0728993 -0.0728993 0.5713381 0.5848174 -0.03032297 -0.02505819 -0.08417223 0.3414989 0.2595023 -0.003337484 -0.0733864 0.5848174 0.2759214 -0.06190624 0.5848174 0.5848174 0.3321129 -0.04474905 0.5848174 0.5848174 -0.04611012
0.3446295 0.3744022 0.5486578 -0.07049964 0.3744022 0.521209 0.3724732 0.521209 0.521209 -0.06696152 0.5560035 -0.05807601 0.5560035 0.685164 -0.05807601 0.5345654 0.5560035 0.685164 0.7038338 -0.07945395 0.5635627 0.5635627 0.5810663 0.5635627 -0.06389707 0.3672263 0.6912639 0.6912639 0.4159186 0.3845668 1 0.5532359 0.3744022 0.3744022 0.3744022 0.3744022 0.3744022 0.487353 0.5800849 -0.06514737 0.6974857 0.5625067 0.3744022 0.6912639 0.3744022 0.5713469 -0.0193919 -0.0193919 0.3639168 0.3744022 -0.0555857 -0.01261556 -0.05170336 0.2357981 0.3820126 0.007611294 -0.02087447 0.3744022 0.3545427 -0.05585438 0.3744022 0.3744022 0.4007706 -0.005028493 0.3744022 0.3744022 -0.009589441
-0.04084146 -0.03833455 0.7983986 -0.08820497 -0.03833455 0.7653698 0.3388831 0.7653698 0.7653698 -0.03833455 0.807278 -0.08721482 0.807278 0.6522171 -0.08721482 0.7814109 0.807278 0.6522171 0.6679999 -0.06912338 0.8164324 0.8164324 0.7983986 0.8164324 -0.0365802 0.3070755 0.6573692 0.6573692 0.6201391 0.1483427 0.5532359 1 -0.03833455 -0.03833455 -0.03833455 -0.03833455 -0.03833455 0.4257024 0.8428612 -0.08448065 0.6626288 0.8356267 -0.03833455 0.6573692 -0.03833455 0.8258767 -0.07650325 -0.07650325 -0.03918571 -0.03833455 -0.03182205 -0.026297 -0.08833349 -0.06237853 0.3056338 -0.03359763 -0.07701443 -0.03833455 0.2773779 -0.08545123 -0.03833455 -0.03833455 0.3354269 -0.04696133 -0.03833455 -0.03833455 -0.04838969
0.9386185 1 -0.04650452 -0.08530033 1 -0.04850244 0.2766305 -0.04850244 -0.04850244 -0.03129252 -0.04599511 -0.08456433 -0.04599511 0.5502619 -0.08456433 -0.04751116 -0.04599511 0.5502619 0.5634954 -0.05642545 -0.04548146 -0.04548146 -0.04650452 -0.04548146 -0.02986044 0.2506659 0.5545816 0.5545816 -0.03713872 0.5848174 0.3744022 -0.03833455 1 1 1 1 1 0.3475011 -0.04548146 -0.0689616 0.5589916 -0.04444079 1 0.5545816 1 -0.0449634 -0.06244964 -0.06244964 0.9782788 1 -0.02597636 -0.02146626 -0.07210667 0.6145472 0.2554307 -0.01758177 -0.06286692 1 0.2484472 -0.06975389 1 1 0.2974964 -0.03833455 1 1 -0.03950053
0.9386185 1 -0.04650452 -0.08530033 1 -0.04850244 0.2766305 -0.04850244 -0.04850244 -0.03129252 -0.04599511 -0.08456433 -0.04599511 0.5502619 -0.08456433 -0.04751116 -0.04599511 0.5502619 0.5634954 -0.05642545 -0.04548146 -0.04548146 -0.04650452 -0.04548146 -0.02986044 0.2506659 0.5545816 0.5545816 -0.03713872 0.5848174 0.3744022 -0.03833455 1 1 1 1 1 0.3475011 -0.04548146 -0.0689616 0.5589916 -0.04444079 1 0.5545816 1 -0.0449634 -0.06244964 -0.06244964 0.9782788 1 -0.02597636 -0.02146626 -0.07210667 0.6145472 0.2554307 -0.01758177 -0.06286692 1 0.2484472 -0.06975389 1 1 0.2974964 -0.03833455 1 1 -0.03950053
0.9386185 1 -0.04650452 -0.08530033 1 -0.04850244 0.2766305 -0.04850244 -0.04850244 -0.03129252 -0.04599511 -0.08456433 -0.04599511 0.5502619 -0.08456433 -0.04751116 -0.04599511 0.5502619 0.5634954 -0.05642545 -0.04548146 -0.04548146 -0.04650452 -0.04548146 -0.02986044 0.2506659 0.5545816 0.5545816 -0.03713872 0.5848174 0.3744022 -0.03833455 1 1 1 1 1 0.3475011 -0.04548146 -0.0689616 0.5589916 -0.04444079 1 0.5545816 1 -0.0449634 -0.06244964 -0.06244964 0.9782788 1 -0.02597636 -0.02146626 -0.07210667 0.6145472 0.2554307 -0.01758177 -0.06286692 1 0.2484472 -0.06975389 1 1 0.2974964 -0.03833455 1 1 -0.03950053
0.9386185 1 -0.04650452 -0.08530033 1 -0.04850244 0.2766305 -0.04850244 -0.04850244 -0.03129252 -0.04599511 -0.08456433 -0.04599511 0.5502619 -0.08456433 -0.04751116 -0.04599511 0.5502619 0.5634954 -0.05642545 -0.04548146 -0.04548146 -0.04650452 -0.04548146 -0.02986044 0.2506659 0.5545816 0.5545816 -0.03713872 0.5848174 0.3744022 -0.03833455 1 1 1 1 1 0.3475011 -0.04548146 -0.0689616 0.5589916 -0.04444079 1 0.5545816 1 -0.0449634 -0.06244964 -0.06244964 0.9782788 1 -0.02597636 -0.02146626 -0.07210667 0.6145472 0.2554307 -0.01758177 -0.06286692 1 0.2484472 -0.06975389 1 1 0.2974964 -0.03833455 1 1 -0.03950053
0.9386185 1 -0.04650452 -0.08530033 1 -0.04850244 0.2766305 -0.04850244 -0.04850244 -0.03129252 -0.04599511 -0.08456433 -0.04599511 0.5502619 -0.08456433 -0.04751116 -0.04599511 0.5502619 0.5634954 -0.05642545 -0.04548146 -0.04548146 -0.04650452 -0.04548146 -0.02986044 0.2506659 0.5545816 0.5545816 -0.03713872 0.5848174 0.3744022 -0.03833455 1 1 1 1 1 0.3475011 -0.04548146 -0.0689616 0.5589916 -0.04444079 1 0.5545816 1 -0.0449634 -0.06244964 -0.06244964 0.9782788 1 -0.02597636 -0.02146626 -0.07210667 0.6145472 0.2554307 -0.01758177 -0.06286692 1 0.2484472 -0.06975389 1 1 0.2974964 -0.03833455 1 1 -0.03950053
0.3164379 0.3475011 0.4898883 0.3800855 0.3475011 0.4618397 0.7313498 0.4618397 0.4618397 -0.09005012 0.4973738 0.3772166 0.4973738 0.6203199 0.3772166 0.4755036 0.4973738 0.6203199 0.6166885 -0.1511038 0.5050683 0.5050683 0.5164293 0.5050683 -0.08592904 0.7144116 0.6266005 0.6266005 0.3637387 0.3891719 0.487353 0.4257024 0.3475011 0.3475011 0.3475011 0.3475011 0.3475011 1 0.5050683 -0.19845 0.6216571 0.4935117 0.3475011 0.6153294 0.3475011 0.4993153 0.6934987 0.6934987 0.3365807 0.3475011 -0.07475188 -0.0617732 -0.1234806 0.1358099 0.6549293 0.003848964 0.6981325 0.3475011 0.6942344 -0.1911678 0.3475011 0.3475011 0.8189611 -0.1103149 0.3475011 0.3475011 -0.1136702
-0.04845574 -0.04548146 0.9557542 -0.1099956 -0.04548146 0.9162635 0.4020628 0.9162635 0.9162635 -0.04548146 0.9663711 -0.10885 0.9663711 0.7809918 -0.10885 0.9354426 0.9663711 0.7809918 0.7615721 -0.0820104 0.9773169 0.9773169 0.9557542 0.9773169 -0.04340003 0.3643251 0.7871503 0.7871503 0.70775 0.3336004 0.5800849 0.8428612 -0.04548146 -0.04548146 -0.04548146 -0.04548146 -0.04548146 0.5050683 1 -0.1002308 0.7934374 0.9771188 -0.04548146 0.7871503 -0.04548146 0.9886095 -0.09076613 -0.09076613 -0.0464913 -0.04548146 -0.0377548 -0.03119968 -0.1048019 -0.07400807 0.3358498 -0.004853569 -0.09137262 -0.04548146 0.3379446 -0.08535234 -0.04548146 -0.04548146 0.4074848 -0.05571656 -0.04548146 -0.04548146 -0.05741122
-0.07347138 -0.0689616 -0.1024854 0.4597028 -0.0689616 -0.1068884 0.309008 -0.1068884 -0.1068884 -0.0689616 -0.1013628 0.4648441 -0.1013628 -0.125325 0.4648441 -0.04245636 -0.1013628 -0.125325 -0.1223818 -0.1243489 -0.1002308 -0.1002308 -0.1024854 -0.1002308 0.433001 0.5110344 -0.1243489 -0.1243489 -0.0818453 -0.08050089 -0.06514737 -0.08448065 -0.0689616 -0.0689616 -0.0689616 -0.0689616 -0.0689616 -0.19845 -0.1002308 1 -0.1233678 -0.09793739 -0.0689616 -0.1243489 -0.0689616 -0.09908912 -0.1376248 -0.1376248 -0.07049278 -0.0689616 -0.05724599 0.3112784 0.9452301 0.4010729 0.4720164 0.1563808 -0.1385444 -0.0689616 0.5392703 0.9657943 -0.0689616 -0.0689616 0.08766501 0.5558827 -0.0689616 -0.0689616 0.5544613
0.5199486 0.5589916 0.7561242 -0.140874 0.5589916 0.7225426 0.4948741 0.7225426 0.7225426 -0.0559803 0.7651359 -0.1394937 0.7651359 0.9686422 -0.1394937 0.7388644 0.7651359 0.9686422 0.959909 -0.1009415 0.77442 0.77442 0.7561242 0.77442 -0.0534184 0.4484251 0.9762694 0.9762694 0.5493837 0.6293701 0.6974857 0.6626288 0.5589916 0.5589916 0.5589916 0.5589916 0.5589916 0.6216571 0.7934374 -0.1233678 1 0.7938648 0.5589916 0.9921107 0.5589916 0.8032005 -0.1117184 -0.1117184 0.5452104 0.5589916 -0.04647003 -0.03840175 -0.1289942 0.3057338 0.4268328 -0.01330873 -0.1124649 0.5589916 0.4347492 -0.1113457 0.5589916 0.5589916 0.5217616 -0.06857805 0.5589916 0.5589916 -0.0706639
-0.04734702 -0.04444079 0.9329192 -0.1068716 -0.04444079 0.8943667 0.3928631 0.8943667 0.8943667 -0.04444079 0.9432839 -0.1057488 0.9432839 0.7623064 -0.1057488 0.9130902 0.9432839 0.7623064 0.7416524 -0.0801339 0.9539697 0.9539697 0.9329192 0.9539697 -0.04240698 0.3559889 0.7683188 0.7683188 0.6968723 0.3427603 0.5625067 0.8356267 -0.04444079 -0.04444079 -0.04444079 -0.04444079 -0.04444079 0.4935117 0.9771188 -0.09793739 0.7938648 1 -0.04444079 0.7876018 -0.04444079 0.9883769 -0.08868929 -0.08868929 -0.04542753 -0.04444079 -0.03689092 -0.0304858 -0.1024039 -0.07231468 0.3255652 -0.02400889 -0.0892819 -0.04444079 0.3410222 -0.08270323 -0.04444079 -0.04444079 0.4097879 -0.0544417 -0.04444079 -0.04444079 -0.05609758
0.9386185 1 -0.04650452 -0.08530033 1 -0.04850244 0.2766305 -0.04850244 -0.04850244 -0.03129252 -0.04599511 -0.08456433 -0.04599511 0.5502619 -0.08456433 -0.04751116 -0.04599511 0.5502619 0.5634954 -0.05642545 -0.04548146 -0.04548146 -0.04650452 -0.04548146 -0.02986044 0.2506659 0.5545816 0.5545816 -0.03713872 0.5848174 0.3744022 -0.03833455 1 1 1 1 1 0.3475011 -0.04548146 -0.0689616 0.5589916 -0.04444079 1 0.5545816 1 -0.0449634 -0.06244964 -0.06244964 0.9782788 1 -0.02597636 -0.02146626 -0.07210667 0.6145472 0.2554307 -0.01758177 -0.06286692 1 0.2484472 -0.06975389 1 1 0.2974964 -0.03833455 1 1 -0.03950053
0.5157375 0.5545816 0.7500513 -0.1305159 0.5545816 0.7166347 0.4988094 0.7166347 0.7166347 -0.05642545 0.759018 -0.1290622 0.759018 0.9609322 -0.1290622 0.7328768 0.759018 0.9609322 0.9522897 -0.1017442 0.7682555 0.7682555 0.7500513 0.7682555 -0.05384318 0.451991 0.9685216 0.9685216 0.544885 0.6243714 0.6912639 0.6573692 0.5545816 0.5545816 0.5545816 0.5545816 0.5545816 0.6153294 0.7871503 -0.1243489 0.9921107 0.7876018 0.5545816 1 0.5545816 0.7968638 -0.1126068 -0.1126068 0.5668952 0.5545816 -0.04683956 -0.03870712 -0.13002 0.302451 0.4211203 -0.0144596 -0.1133592 0.5545816 0.4383461 -0.1124247 0.5545816 0.5545816 0.526061 -0.06912338 0.5545816 0.5545816 -0.07122582
0.9386185 1 -0.04650452 -0.08530033 1 -0.04850244 0.2766305 -0.04850244 -0.04850244 -0.03129252 -0.04599511 -0.08456433 -0.04599511 0.5502619 -0.08456433 -0.04751116 -0.04599511 0.5502619 0.5634954 -0.05642545 -0.04548146 -0.04548146 -0.04650452 -0.04548146 -0.02986044 0.2506659 0.5545816 0.5545816 -0.03713872 0.5848174 0.3744022 -0.03833455 1 1 1 1 1 0.3475011 -0.04548146 -0.0689616 0.5589916 -0.04444079 1 0.5545816 1 -0.0449634 -0.06244964 -0.06244964 0.9782788 1 -0.02597636 -0.02146626 -0.07210667 0.6145472 0.2554307 -0.01758177 -0.06286692 1 0.2484472 -0.06975389 1 1 0.2974964 -0.03833455 1 1 -0.03950053
-0.04790381 -0.0449634 0.9443895 -0.1084422 -0.0449634 0.9053658 0.3974831 0.9053658 0.9053658 -0.0449634 0.9548809 -0.107308 0.9548809 0.7716924 -0.107308 0.9243181 0.9548809 0.7716924 0.7516632 -0.08107626 0.9656973 0.9656973 0.9443895 0.9656973 -0.04290568 0.3601753 0.7777782 0.7777782 0.6885797 0.3381111 0.5713469 0.8258767 -0.0449634 -0.0449634 -0.0449634 -0.0449634 -0.0449634 0.4993153 0.9886095 -0.09908912 0.8032005 0.9883769 -0.0449634 0.7968638 -0.0449634 1 -0.08973226 -0.08973226 -0.04596175 -0.0449634 -0.03732475 -0.0308443 -0.1036082 -0.07316509 0.3307376 -0.003402977 -0.09033184 -0.0449634 0.3452925 -0.08403563 -0.0449634 -0.0449634 0.4148864 -0.05508192 -0.0449634 -0.0449634 -0.05675728
-0.06653357 -0.06244964 -0.0757164 0.6246927 -0.06244964 -0.08031466 0.4687267 -0.08031466 -0.08031466 -0.06244964 -0.07453483 0.5980791 -0.07453483 -0.09906655 0.5980791 -0.07804012 -0.07453483 -0.09906655 -0.09611859 -0.09809045 -0.0733394 -0.0733394 -0.04153353 -0.0733394 -0.05959168 0.491326 -0.09809045 -0.09809045 -0.05321627 -0.0728993 -0.0193919 -0.07650325 -0.06244964 -0.06244964 -0.06244964 -0.06244964 -0.06244964 0.6934987 -0.09076613 -0.1376248 -0.1117184 -0.08868929 -0.06244964 -0.1126068 -0.06244964 -0.08973226 1 1 -0.06383624 -0.06244964 -0.05184033 -0.04283963 -0.03568982 -0.1016189 0.4329639 0.0205745 0.9800432 -0.06244964 0.4869245 -0.139206 -0.06244964 -0.06244964 0.5650047 -0.07650325 -0.06244964 -0.06244964 -0.07883015
-0.06653357 -0.06244964 -0.0757164 0.6246927 -0.06244964 -0.08031466 0.4687267 -0.08031466 -0.08031466 -0.06244964 -0.07453483 0.5980791 -0.07453483 -0.09906655 0.5980791 -0.07804012 -0.07453483 -0.09906655 -0.09611859 -0.09809045 -0.0733394 -0.0733394 -0.04153353 -0.0733394 -0.05959168 0.491326 -0.09809045 -0.09809045 -0.05321627 -0.0728993 -0.0193919 -0.07650325 -0.06244964 -0.06244964 -0.06244964 -0.06244964 -0.06244964 0.6934987 -0.09076613 -0.1376248 -0.1117184 -0.08868929 -0.06244964 -0.1126068 -0.06244964 -0.08973226 1 1 -0.06383624 -0.06244964 -0.05184033 -0.04283963 -0.03568982 -0.1016189 0.4329639 0.0205745 0.9800432 -0.06244964 0.4869245 -0.139206 -0.06244964 -0.06244964 0.5650047 -0.07650325 -0.06244964 -0.06244964 -0.07883015
0.9180617 0.9782788 -0.04753708 -0.06793634 0.9782788 -0.04957937 0.2827726 -0.04957937 -0.04957937 -0.03198732 -0.04701636 -0.06707936 -0.04701636 0.5366208 -0.06707936 -0.04856607 -0.04701636 0.5366208 0.5496414 -0.05767829 -0.0464913 -0.0464913 -0.04753708 -0.0464913 -0.03052344 0.2562315 0.5408713 0.5408713 -0.03796333 0.5713381 0.3639168 -0.03918571 0.9782788 0.9782788 0.9782788 0.9782788 0.9782788 0.3365807 -0.0464913 -0.07049278 0.5452104 -0.04542753 0.9782788 0.5668952 0.9782788 -0.04596175 -0.06383624 -0.06383624 1 0.9782788 -0.02655312 -0.02194288 -0.07370769 0.5998489 0.2453277 -0.01926808 -0.06426278 0.9782788 0.2539636 -0.07130266 0.9782788 0.9782788 0.3041018 -0.03918571 0.9782788 0.9782788 -0.04037758
0.9386185 1 -0.04650452 -0.08530033 1 -0.04850244 0.2766305 -0.04850244 -0.04850244 -0.03129252 -0.04599511 -0.08456433 -0.04599511 0.5502619 -0.08456433 -0.04751116 -0.04599511 0.5502619 0.5634954 -0.05642545 -0.04548146 -0.04548146 -0.04650452 -0.04548146 -0.02986044 0.2506659 0.5545816 0.5545816 -0.03713872 0.5848174 0.3744022 -0.03833455 1 1 1 1 1 0.3475011 -0.04548146 -0.0689616 0.5589916 -0.04444079 1 0.5545816 1 -0.0449634 -0.06244964 -0.06244964 0.9782788 1 -0.02597636 -0.02146626 -0.07210667 0.6145472 0.2554307 -0.01758177 -0.06286692 1 0.2484472 -0.06975389 1 1 0.2974964 -0.03833455 1 1 -0.03950053
-0.0276751 -0.02597636 -0.03860406 -0.07080901 -0.02597636 -0.04026256 -0.09390273 -0.04026256 -0.04026256 -0.02597636 -0.03818119 -0.07019804 -0.03818119 -0.04720727 -0.07019804 -0.03943968 -0.03818119 -0.04720727 -0.04609862 -0.04683956 -0.0377548 -0.0377548 -0.03860406 -0.0377548 -0.02478757 -0.1036294 -0.04683956 -0.04683956 -0.03082937 -0.03032297 -0.0555857 -0.03182205 -0.02597636 -0.02597636 -0.02597636 -0.02597636 -0.02597636 -0.07475188 -0.0377548 -0.05724599 -0.04647003 -0.03689092 -0.02597636 -0.04683956 -0.02597636 -0.03732475 -0.05184033 -0.05184033 -0.02655312 -0.02597636 1 -0.01781944 -0.05985676 -0.0422691 -0.0954082 -0.03985266 -0.05218672 -0.02597636 -0.1045548 -0.05790369 -0.02597636 -0.02597636 -0.08731656 -0.03182205 -0.02597636 -0.02597636 -0.03278995
-0.02287005 -0.02146626 -0.03190149 0.251655 -0.02146626 -0.03327204 0.1897649 -0.03327204 -0.03327204 -0.02146626 -0.03155204 0.2538453 -0.03155204 -0.03901098 0.2538453 -0.03259203 -0.03155204 -0.03901098 -0.03809482 -0.03870712 -0.03119968 -0.03119968 -0.03190149 -0.03119968 -0.02048387 0.1719535 -0.03870712 -0.03870712 -0.02547667 -0.02505819 -0.01261556 -0.026297 -0.02146626 -0.02146626 -0.02146626 -0.02146626 -0.02146626 -0.0617732 -0.03119968 0.3112784 -0.03840175 -0.0304858 -0.02146626 -0.03870712 -0.02146626 -0.0308443 -0.04283963 -0.04283963 -0.02194288 -0.02146626 -0.01781944 1 0.2977014 -0.0349302 0.04189037 -0.03293331 -0.04312588 -0.02146626 0.1704315 0.3077428 -0.02146626 -0.02146626 -0.07215636 -0.026297 -0.02146626 -0.02146626 -0.02709684
-0.07682213 -0.07210667 -0.1071594 0.5173269 -0.07210667 -0.1117631 0.3547003 -0.1117631 -0.1117631 -0.07210667 -0.1059855 0.5229019 -0.1059855 -0.1310406 0.5229019 -0.04921384 -0.1059855 -0.1310406 -0.1279632 -0.13002 -0.1048019 -0.1048019 -0.0764614 -0.1048019 0.4141148 0.5375455 -0.13002 -0.13002 -0.08557795 -0.08417223 -0.05170336 -0.08833349 -0.07210667 -0.07210667 -0.07210667 -0.07210667 -0.07210667 -0.1234806 -0.1048019 0.9452301 -0.1289942 -0.1024039 -0.07210667 -0.13002 -0.07210667 -0.1036082 -0.03568982 -0.03568982 -0.07370769 -0.07210667 -0.05985676 0.2977014 1 0.379609 0.5034567 0.2029313 -0.03720988 -0.07210667 0.5645034 0.9231314 -0.07210667 -0.07210667 0.1184689 0.5316367 -0.07210667 -0.07210667 0.5300616
0.5729299 0.6145472 -0.07567282 -0.06269013 0.6145472 -0.07892387 0.1330331 -0.07892387 -0.07892387 -0.05091963 -0.0748439 -0.06107894 -0.0748439 0.2992287 -0.06107894 -0.07731083 -0.0748439 0.2992287 0.3090793 -0.0918163 -0.07400807 -0.07400807 -0.07567282 -0.07400807 -0.04858933 0.4078871 0.302451 0.302451 -0.06043265 0.3414989 0.2357981 -0.06237853 0.6145472 0.6145472 0.6145472 0.6145472 0.6145472 0.1358099 -0.07400807 0.4010729 0.3057338 -0.07231468 0.6145472 0.302451 0.6145472 -0.07316509 -0.1016189 -0.1016189 0.5998489 0.6145472 -0.0422691 -0.0349302 0.379609 1 0.3452669 0.1771177 -0.1022979 0.6145472 0.4042769 0.3955007 0.6145472 0.6145472 0.4840903 0.7528444 0.6145472 0.6145472 0.7524088
0.2266058 0.2554307 0.3224163 0.5871703 0.2554307 0.2974443 0.7806283 0.2974443 0.2974443 -0.1149338 0.3290474 0.5873454 0.3290474 0.4254173 0.5873454 0.3557429 0.3290474 0.4254173 0.4225427 -0.1972702 0.3358498 0.3358498 0.345903 0.3358498 0.2598054 0.8716296 0.4310943 0.4310943 0.2082469 0.2595023 0.3820126 0.3056338 0.2554307 0.2554307 0.2554307 0.2554307 0.2554307 0.6549293 0.3358498 0.4720164 0.4268328 0.3255652 0.2554307 0.4211203 0.2554307 0.3307376 0.4329639 0.4329639 0.2453277 0.2554307 -0.0954082 0.04189037 0.5034567 0.3452669 1 0.08641692 0.4463159 0.2554307 0.8880715 0.4545925 0.2554307 0.2554307 0.6851215 0.2219278 0.2554307 0.2554307 0.2214902
-0.02247192 -0.01758177 -0.007672297 0.04255462 -0.01758177 -0.01301399 0.02193622 -0.01301399 -0.01301399 0.01284513 -0.006276234 0.0446261 -0.006276234 -0.01559669 0.0446261 0.03127832 -0.006276234 -0.01559669 -0.0121436 -0.03248654 -0.004853569 -0.004853569 0.03477734 -0.004853569 0.01778764 0.1186797 -0.0144596 -0.0144596 -0.03102279 -0.003337484 0.007611294 -0.03359763 -0.01758177 -0.01758177 -0.01758177 -0.01758177 -0.01758177 0.003848964 -0.004853569 0.1563808 -0.01330873 -0.02400889 -0.01758177 -0.0144596 -0.01758177 -0.003402977 0.0205745 0.0205745 -0.01926808 -0.01758177 -0.03985266 -0.03293331 0.2029313 0.1771177 0.08641692 1 0.0193336 -0.01758177 0.1271036 0.1682713 -0.01758177 -0.01758177 0.0881171 0.2185509 -0.01758177 -0.01758177 0.2338589
-0.06697814 -0.06286692 -0.07642474 0.6087655 -0.06286692 -0.08104649 0.4728457 -0.08104649 -0.08104649 -0.06286692 -0.07523724 0.6037383 -0.07523724 -0.09989933 0.6037383 -0.07876026 -0.07523724 -0.09989933 -0.09693502 -0.0989178 -0.07403583 -0.07403583 -0.04241831 -0.07403583 -0.05998986 0.4947146 -0.0989178 -0.0989178 -0.05381938 -0.0733864 -0.02087447 -0.07701443 -0.06286692 -0.06286692 -0.06286692 -0.06286692 -0.06286692 0.6981325 -0.09137262 -0.1385444 -0.1124649 -0.0892819 -0.06286692 -0.1133592 -0.06286692 -0.09033184 0.9800432 0.9800432 -0.06426278 -0.06286692 -0.05218672 -0.04312588 -0.03720988 -0.1022979 0.4463159 0.0193336 1 -0.06286692 0.4991325 -0.1401361 -0.06286692 -0.06286692 0.5786375 -0.07701443 -0.06286692 -0.06286692 -0.07935688
