1 0.9421803 0.023062 -0.01700205 -0.3344225 -0.3372285 0.8932338 0.9421803 0.02168308 -0.01907359 -0.318794 -0.2561446 -0.01907359 0.2849774 -0.224913 -0.07502828 -0.2062191 -0.01364294 0.01907359 -0.0209657 -0.01907359 -0.2114529 -0.2062191
0.9421803 1 0.02447727 -0.01804543 -0.3549453 -0.3579236 0.9480498 1 0.02301373 -0.02024409 -0.3383578 -0.2718637 -0.02024409 0.3024659 -0.2387155 -0.0826784 -0.2188743 -0.01448018 0.02024409 -0.02225232 -0.02024409 -0.2244293 -0.2188743
0.023062 0.02447727 1 0.03675949 0.7230423 0.7291092 0.02581855 0.02447727 0.9402082 0.04123829 0.6892527 0.5538007 0.006506486 0.0421999 0.3881404 0.2056469 0.4458586 0.02949689 0.7228614 0.04532915 0.04123829 0.3313436 0.4458586
-0.01700205 -0.01804543 0.03675949 1 -0.5330499 -0.5375226 -0.01903426 -0.01804543 0.03456157 0.8453024 -0.5081391 -0.4082796 -0.03040219 -0.05966103 -0.3584982 0.02037713 -0.3287012 -0.02174605 0.03040219 -0.0334181 0.8453024 -0.3370436 -0.3287012
-0.3344225 -0.3549453 0.7230423 -0.5330499 1 0.9916791 -0.3743952 -0.3549453 0.6798103 -0.4407896 0.9532674 0.7659312 0.03083315 -0.04875473 0.5985092 0.1798865 0.6166425 0.04079552 0.5193933 0.06269225 -0.4407896 0.5373674 0.6166425
-0.3372285 -0.3579236 0.7291092 -0.5375226 0.9916791 1 -0.3362419 -0.3579236 0.6855145 -0.4447169 0.9453353 0.759558 0.03017684 -0.05080046 0.5923996 0.176533 0.6115114 0.04045606 0.5238658 0.06217059 -0.4447169 0.5314478 0.6115114
0.8932338 0.9480498 0.02581855 -0.01903426 -0.3743952 -0.3362419 1 0.9480498 0.02427481 -0.02135341 -0.3568987 -0.286761 -0.02135341 0.2829457 -0.2517963 -0.08977908 -0.230868 -0.01527365 0.02135341 -0.02347168 -0.02135341 -0.2367274 -0.230868
0.9421803 1 0.02447727 -0.01804543 -0.3549453 -0.3579236 0.9480498 1 0.02301373 -0.02024409 -0.3383578 -0.2718637 -0.02024409 0.3024659 -0.2387155 -0.0826784 -0.2188743 -0.01448018 0.02024409 -0.02225232 -0.02024409 -0.2244293 -0.2188743
0.02168308 0.02301373 0.9402082 0.03456157 0.6798103 0.6855145 0.02427481 0.02301373 1 0.03877258 0.648041 0.520688 0.00203556 0.07608703 0.3533993 0.1918926 0.4191999 0.02773322 0.7694418 0.04261884 0.03877258 0.2967435 0.4191999
-0.01907359 -0.02024409 0.04123829 0.8453024 -0.4407896 -0.4447169 -0.02135341 -0.02024409 0.03877258 1 -0.5700512 -0.4580247 -0.03410641 -0.06693017 -0.4021779 0.07089003 -0.3687504 -0.0243956 0.03410641 -0.03748979 1 -0.3781092 -0.3687504
-0.318794 -0.3383578 0.6892527 -0.5081391 0.9532674 0.9453353 -0.3568987 -0.3383578 0.648041 -0.5700512 1 0.80348 0.03463518 -0.03709856 0.6343221 0.1453334 0.6468725 0.04279546 0.4944654 0.06576565 -0.5700512 0.5720094 0.6468725
-0.2561446 -0.2718637 0.5538007 -0.4082796 0.7659312 0.759558 -0.286761 -0.2718637 0.520688 -0.4580247 0.80348 1 -0.01073408 -0.06761234 0.5370367 0.1273996 0.5485822 0.05326264 0.394126 0.08185102 -0.4580247 0.4879169 0.5485822
-0.01907359 -0.02024409 0.006506486 -0.03040219 0.03083315 0.03017684 -0.02135341 -0.02024409 0.00203556 -0.03410641 0.03463518 -0.01073408 1 0.4173401 -0.3632193 -0.136009 -0.331851 -0.0243956 -0.007257844 -0.03748979 -0.03410641 -0.3406443 -0.331851
0.2849774 0.3024659 0.0421999 -0.05966103 -0.04875473 -0.05080046 0.2829457 0.3024659 0.07608703 -0.06693017 -0.03709856 -0.06761234 0.4173401 1 -0.6046167 -0.279756 -0.6824905 -0.04787375 0.04386969 -0.05244626 -0.06693017 -0.7002256 -0.6824905
-0.224913 -0.2387155 0.3881404 -0.3584982 0.5985092 0.5923996 -0.2517963 -0.2387155 0.3533993 -0.4021779 0.6343221 0.5370367 -0.3632193 -0.6046167 1 0.2953107 0.9081955 0.06065873 0.4021779 0.07537388 -0.4021779 0.9136897 0.9081955
-0.07502828 -0.0826784 0.2056469 0.02037713 0.1798865 0.176533 -0.08977908 -0.0826784 0.1918926 0.07089003 0.1453334 0.1273996 -0.136009 -0.279756 0.2953107 1 0.3176864 0.1352722 0.165566 0.1943416 0.07089003 0.289569 0.3176864
-0.2062191 -0.2188743 0.4458586 -0.3287012 0.6166425 0.6115114 -0.230868 -0.2188743 0.4191999 -0.3687504 0.6468725 0.5485822 -0.331851 -0.6824905 0.9081955 0.3176864 1 0.06615749 0.3687504 0.1016671 -0.3687504 0.9585379 1
-0.01364294 -0.01448018 0.02949689 -0.02174605 0.04079552 0.04045606 -0.01527365 -0.01448018 0.02773322 -0.0243956 0.04279546 0.05326264 -0.0243956 -0.04787375 0.06065873 0.1352722 0.06615749 1 0.0243956 -0.02681566 -0.0243956 0.06451998 0.06615749
0.01907359 0.02024409 0.7228614 0.03040219 0.5193933 0.5238658 0.02135341 0.02024409 0.7694418 0.03410641 0.4944654 0.394126 -0.007257844 0.04386969 0.4021779 0.165566 0.3687504 0.0243956 1 0.03748979 0.03410641 0.3781092 0.3687504
-0.0209657 -0.02225232 0.04532915 -0.0334181 0.06269225 0.06217059 -0.02347168 -0.02225232 0.04261884 -0.03748979 0.06576565 0.08185102 -0.03748979 -0.05244626 0.07537388 0.1943416 0.1016671 -0.02681566 0.03748979 1 -0.03748979 0.09915067 0.1016671
-0.01907359 -0.02024409 0.04123829 0.8453024 -0.4407896 -0.4447169 -0.02135341 -0.02024409 0.03877258 1 -0.5700512 -0.4580247 -0.03410641 -0.06693017 -0.4021779 0.07089003 -0.3687504 -0.0243956 0.03410641 -0.03748979 1 -0.3781092 -0.3687504
-0.2114529 -0.2244293 0.3313436 -0.3370436 0.5373674 0.5314478 -0.2367274 -0.2244293 0.2967435 -0.3781092 0.5720094 0.4879169 -0.3406443 -0.7002256 0.9136897 0.289569 0.9585379 0.06451998 0.3781092 0.09915067 -0.3781092 1 0.9585379
-0.2062191 -0.2188743 0.4458586 -0.3287012 0.6166425 0.6115114 -0.230868 -0.2188743 0.4191999 -0.3687504 0.6468725 0.5485822 -0.331851 -0.6824905 0.9081955 0.3176864 1 0.06615749 0.3687504 0.1016671 -0.3687504 0.9585379 1
