1 1 0.959735 0.3180383 0.959735 0.959735 0.9565122 0.9565122 0.7279933 0.9565122 0.9494136 -0.2086549 0.9494136 0.952963 0.9494136 0.9494136 0.9326471 -0.2086549 0.6998589 0.7014339 -0.2057889 0.9326471 0.693032 0.697906 -0.04124937 0.2363441 0.7158779 0.7062586 0.6895572 -0.1984099 -0.1910981 -0.1910981 -0.2013375 0.7954432 0.3424452 -0.09501808 -0.163973 -0.1302684
1 1 0.959735 0.3180383 0.959735 0.959735 0.9565122 0.9565122 0.7279933 0.9565122 0.9494136 -0.2086549 0.9494136 0.952963 0.9494136 0.9494136 0.9326471 -0.2086549 0.6998589 0.7014339 -0.2057889 0.9326471 0.693032 0.697906 -0.04124937 0.2363441 0.7158779 0.7062586 0.6895572 -0.1984099 -0.1910981 -0.1910981 -0.2013375 0.7954432 0.3424452 -0.09501808 -0.163973 -0.1302684
0.959735 0.959735 1 0.30954 1 1 0.9966675 0.9966675 0.7182274 0.9966675 0.9899606 -0.2241069 0.9899606 0.9866273 0.9899606 0.9899606 0.9732545 -0.2241069 0.7258606 0.6915574 -0.221243 0.9732545 0.6835802 0.7238506 -0.06316985 0.1966967 0.7420914 0.731935 0.7157713 -0.2139741 -0.206772 -0.206772 -0.2168996 0.8238799 0.3595389 -0.09762678 -0.179893 -0.1471343
0.3180383 0.3180383 0.30954 1 0.30954 0.30954 0.3085084 0.3085084 0.2076523 0.3085084 0.3105782 -0.07473587 0.3105782 0.30954 0.3105782 0.3105782 0.30954 -0.07473587 0.2284285 0.2328645 -0.07389399 0.30954 0.2212409 0.2278044 -0.03102544 0.08534944 0.2315848 0.2265632 0.2290549 -0.07431548 -0.07473587 -0.07473587 -0.07515518 -0.09787165 0.1174364 -0.03021939 -0.00709942 -0.02396571
0.959735 0.959735 1 0.30954 1 1 0.9966675 0.9966675 0.7182274 0.9966675 0.9899606 -0.2241069 0.9899606 0.9866273 0.9899606 0.9899606 0.9732545 -0.2241069 0.7258606 0.6915574 -0.221243 0.9732545 0.6835802 0.7238506 -0.06316985 0.1966967 0.7420914 0.731935 0.7157713 -0.2139741 -0.206772 -0.206772 -0.2168996 0.8238799 0.3595389 -0.09762678 -0.179893 -0.1471343
0.959735 0.959735 1 0.30954 1 1 0.9966675 0.9966675 0.7182274 0.9966675 0.9899606 -0.2241069 0.9899606 0.9866273 0.9899606 0.9899606 0.9732545 -0.2241069 0.7258606 0.6915574 -0.221243 0.9732545 0.6835802 0.7238506 -0.06316985 0.1966967 0.7420914 0.731935 0.7157713 -0.2139741 -0.206772 -0.206772 -0.2168996 0.8238799 0.3595389 -0.09762678 -0.179893 -0.1471343
0.9565122 0.9565122 0.9966675 0.3085084 0.9966675 0.9966675 1 0.993334 0.7208665 1 0.9933359 -0.2249406 0.9933359 0.9899913 0.9933359 0.9933359 0.976639 -0.2249406 0.7283466 0.6941656 -0.2220679 0.976639 0.6862516 0.7263298 -0.06356158 0.1977394 0.7385449 0.7343824 0.7182825 -0.2148167 -0.2076322 -0.2076322 -0.217751 0.8283323 0.3608377 -0.09795321 -0.1807543 -0.1482148
0.9565122 0.9565122 0.9966675 0.3085084 0.9966675 0.9966675 0.993334 1 0.7208665 0.993334 0.9866494 -0.2162864 0.9866494 0.9833152 0.9866494 0.9866494 0.9699629 -0.2162864 0.7283466 0.6941656 -0.2133417 0.9699629 0.6862516 0.7263298 -0.06356158 0.1977394 0.7446022 0.7343824 0.7182825 -0.2061268 -0.198978 -0.198978 -0.2091319 0.8210819 0.3542308 -0.09795321 -0.1718771 -0.1482148
0.7279933 0.7279933 0.7182274 0.2076523 0.7182274 0.7182274 0.7208665 0.7208665 1 0.7208665 0.7155882 0.4363135 0.7155882 0.7121282 0.7155882 0.7155882 0.7060291 0.4363135 0.9400382 0.9475573 0.4381322 0.7060291 0.9555628 0.948453 0.207386 0.3234356 0.9422052 0.9542573 0.9426652 0.4411815 0.4442198 0.4442198 0.431499 0.6210928 -0.0304982 -0.1272805 0.4177092 -0.02604761
0.9565122 0.9565122 0.9966675 0.3085084 0.9966675 0.9966675 1 0.993334 0.7208665 1 0.9933359 -0.2249406 0.9933359 0.9899913 0.9933359 0.9933359 0.976639 -0.2249406 0.7283466 0.6941656 -0.2220679 0.976639 0.6862516 0.7263298 -0.06356158 0.1977394 0.7385449 0.7343824 0.7182825 -0.2148167 -0.2076322 -0.2076322 -0.217751 0.8283323 0.3608377 -0.09795321 -0.1807543 -0.1482148
0.9494136 0.9494136 0.9899606 0.3105782 0.9899606 0.9899606 0.9933359 0.9866494 0.7155882 0.9933359 1 -0.2406347 1 0.9966573 1 1 0.9832639 -0.2406347 0.7233751 0.688949 -0.237924 0.9832639 0.6809083 0.7213719 -0.09989575 0.1956531 0.7335052 0.7294884 0.7132604 -0.2305645 -0.223273 -0.223273 -0.2333392 0.8339685 0.3714946 -0.09730044 -0.1968402 -0.162188
-0.2086549 -0.2086549 -0.2241069 -0.07473587 -0.2241069 -0.2241069 -0.2249406 -0.2162864 0.4363135 -0.2249406 -0.2406347 1 -0.2406347 -0.2414417 -0.2406347 -0.2406347 -0.2327743 1 0.4806368 0.4899707 0.9887353 -0.2327743 0.4731061 0.4714849 0.4151345 0.1488491 0.4479581 0.4688812 0.474108 0.9830932 0.9775291 0.9775291 0.972041 -0.1965189 -0.5506184 -0.06358469 0.9199221 0.1909483
0.9494136 0.9494136 0.9899606 0.3105782 0.9899606 0.9899606 0.9933359 0.9866494 0.7155882 0.9933359 1 -0.2406347 1 0.9966573 1 1 0.9832639 -0.2406347 0.7233751 0.688949 -0.237924 0.9832639 0.6809083 0.7213719 -0.09989575 0.1956531 0.7335052 0.7294884 0.7132604 -0.2305645 -0.223273 -0.223273 -0.2333392 0.8339685 0.3714946 -0.09730044 -0.1968402 -0.162188
0.952963 0.952963 0.9866273 0.30954 0.9866273 0.9866273 0.9899913 0.9833152 0.7121282 0.9899913 0.9966573 -0.2414417 0.9966573 1 0.9966573 0.9966573 0.9799409 -0.2414417 0.7198104 0.685484 -0.238722 0.9799409 0.6774887 0.7178035 -0.1002308 0.1966967 0.7299582 0.725894 0.7097179 -0.2313804 -0.2241069 -0.2241069 -0.2341641 0.8311414 0.372773 -0.09762678 -0.1976747 -0.1632453
0.9494136 0.9494136 0.9899606 0.3105782 0.9899606 0.9899606 0.9933359 0.9866494 0.7155882 0.9933359 1 -0.2406347 1 0.9966573 1 1 0.9832639 -0.2406347 0.7233751 0.688949 -0.237924 0.9832639 0.6809083 0.7213719 -0.09989575 0.1956531 0.7335052 0.7294884 0.7132604 -0.2305645 -0.223273 -0.223273 -0.2333392 0.8339685 0.3714946 -0.09730044 -0.1968402 -0.162188
0.9494136 0.9494136 0.9899606 0.3105782 0.9899606 0.9899606 0.9933359 0.9866494 0.7155882 0.9933359 1 -0.2406347 1 0.9966573 1 1 0.9832639 -0.2406347 0.7233751 0.688949 -0.237924 0.9832639 0.6809083 0.7213719 -0.09989575 0.1956531 0.7335052 0.7294884 0.7132604 -0.2305645 -0.223273 -0.223273 -0.2333392 0.8339685 0.3714946 -0.09730044 -0.1968402 -0.162188
0.9326471 0.9326471 0.9732545 0.30954 0.9732545 0.9732545 0.976639 0.9699629 0.7060291 0.976639 0.9832639 -0.2327743 0.9832639 0.9799409 0.9832639 0.9832639 1 -0.2327743 0.7379611 0.7037044 -0.2299825 0.9933136 0.6957633 0.7359448 -0.1002308 0.1966967 0.7238917 0.731935 0.7278781 -0.2226773 -0.2154394 -0.2154394 -0.2255318 0.8456646 0.366156 -0.09762678 -0.1887839 -0.1471343
-0.2086549 -0.2086549 -0.2241069 -0.07473587 -0.2241069 -0.2241069 -0.2249406 -0.2162864 0.4363135 -0.2249406 -0.2406347 1 -0.2406347 -0.2414417 -0.2406347 -0.2406347 -0.2327743 1 0.4806368 0.4899707 0.9887353 -0.2327743 0.4731061 0.4714849 0.4151345 0.1488491 0.4479581 0.4688812 0.474108 0.9830932 0.9775291 0.9775291 0.972041 -0.1965189 -0.5506184 -0.06358469 0.9199221 0.1909483
0.6998589 0.6998589 0.7258606 0.2284285 0.7258606 0.7258606 0.7283466 0.7283466 0.9400382 0.7283466 0.7233751 0.4806368 0.7233751 0.7198104 0.7233751 0.7233751 0.7379611 0.4806368 1 0.9754546 0.4752226 0.7379611 0.9564506 0.991796 0.1995289 0.2806692 0.964413 0.9863679 0.98631 0.4779333 0.4806368 0.4806368 0.4677115 0.6294263 -0.04872172 -0.1322926 0.4643059 0.001336651
0.7014339 0.7014339 0.6915574 0.2328645 0.6915574 0.6915574 0.6941656 0.6941656 0.9475573 0.6941656 0.688949 0.4899707 0.688949 0.685484 0.688949 0.688949 0.7037044 0.4899707 0.9754546 1 0.4844513 0.7037044 0.9751964 0.9672845 0.2034037 0.3090889 0.9393998 0.9619654 0.9616464 0.4872146 0.4899707 0.4899707 0.4770377 0.6086699 -0.06668657 -0.1297724 0.4733226 0.009653109
-0.2057889 -0.2057889 -0.221243 -0.07389399 -0.221243 -0.221243 -0.2220679 -0.2133417 0.4381322 -0.2220679 -0.237924 0.9887353 -0.237924 -0.238722 -0.237924 -0.237924 -0.2299825 0.9887353 0.4752226 0.4844513 1 -0.238722 0.4752749 0.4739242 0.4198642 0.1465706 0.4500715 0.471342 0.4765259 0.9943284 0.9887353 0.9887353 0.9832189 -0.2036122 -0.5600343 -0.06286843 0.9305447 0.185424
0.9326471 0.9326471 0.9732545 0.30954 0.9732545 0.9732545 0.976639 0.9699629 0.7060291 0.976639 0.9832639 -0.2327743 0.9832639 0.9799409 0.9832639 0.9832639 0.9933136 -0.2327743 0.7379611 0.7037044 -0.238722 1 0.6957633 0.7359448 -0.1002308 0.1966967 0.7238917 0.731935 0.7278781 -0.2313804 -0.2241069 -0.2241069 -0.2341641 0.8529261 0.372773 -0.09762678 -0.1976747 -0.1471343
0.693032 0.693032 0.6835802 0.2212409 0.6835802 0.6835802 0.6862516 0.6862516 0.9555628 0.6862516 0.6809083 0.4731061 0.6809083 0.6774887 0.6809083 0.6809083 0.6957633 0.4731061 0.9564506 0.9751964 0.4752749 0.6957633 1 0.9648314 0.2062369 0.3254836 0.9366277 0.9595744 0.9590981 0.4781429 0.4810025 0.4810025 0.4681252 0.6042778 -0.05723022 -0.1279897 0.4637155 -0.00638035
0.697906 0.697906 0.7238506 0.2278044 0.7238506 0.7238506 0.7263298 0.7263298 0.948453 0.7263298 0.7213719 0.4714849 0.7213719 0.7178035 0.7213719 0.7213719 0.7359448 0.4714849 0.991796 0.9672845 0.4739242 0.7359448 0.9648314 1 0.1989838 0.2817408 0.9727026 0.9945515 0.9945403 0.4766275 0.4793237 0.4793237 0.466399 0.6277066 -0.04702284 -0.132655 0.4630374 -0.007131533
-0.04124937 -0.04124937 -0.06316985 -0.03102544 -0.06316985 -0.06316985 -0.06356158 -0.06356158 0.207386 -0.06356158 -0.09989575 0.4151345 -0.09989575 -0.1002308 -0.09989575 -0.09989575 -0.1002308 0.4151345 0.1995289 0.2034037 0.4198642 -0.1002308 0.2062369 0.1989838 1 0.07455149 0.1686604 0.1978996 0.2000761 0.4174829 0.4151345 0.4151345 0.4128184 -0.08548946 -0.2641893 -0.0263962 0.4297359 0.2847436
0.2363441 0.2363441 0.1966967 0.08534944 0.1966967 0.1966967 0.1977394 0.1977394 0.3234356 0.1977394 0.1956531 0.1488491 0.1956531 0.1966967 0.1956531 0.1956531 0.1966967 0.1488491 0.2806692 0.3090889 0.1465706 0.1966967 0.3254836 0.2817408 0.07455149 1 0.2753256 0.283887 0.2795986 0.1477122 0.1488491 0.1488491 0.1295747 0.1750949 0.6172719 -0.3540667 0.141955 -0.2577236
0.7158779 0.7158779 0.7420914 0.2315848 0.7420914 0.7420914 0.7385449 0.7446022 0.9422052 0.7385449 0.7335052 0.4479581 0.7335052 0.7299582 0.7335052 0.7335052 0.7238917 0.4479581 0.964413 0.9393998 0.4500715 0.7238917 0.9366277 0.9727026 0.1686604 0.2753256 1 0.9783161 0.9671066 0.4529514 0.4558221 0.4558221 0.4430195 0.6117697 -0.04524161 -0.1304895 0.4545881 -0.0146561
0.7062586 0.7062586 0.731935 0.2265632 0.731935 0.731935 0.7343824 0.7343824 0.9542573 0.7343824 0.7294884 0.4688812 0.7294884 0.725894 0.7294884 0.7294884 0.731935 0.4688812 0.9863679 0.9619654 0.471342 0.731935 0.9595744 0.9945515 0.1978996 0.283887 0.9783161 1 0.9891215 0.4740305 0.476712 0.476712 0.4637885 0.6242865 -0.04363129 -0.1333818 0.4605145 -0.009486318
0.6895572 0.6895572 0.7157713 0.2290549 0.7157713 0.7157713 0.7182825 0.7182825 0.9426652 0.7182825 0.7132604 0.474108 0.7132604 0.7097179 0.7132604 0.7132604 0.7278781 0.474108 0.98631 0.9616464 0.4765259 0.7278781 0.9590981 0.9945403 0.2000761 0.2795986 0.9671066 0.9891215 1 0.479244 0.481955 0.481955 0.4690288 0.6180042 -0.05042275 -0.1319308 0.4655793 -0.004772131
-0.1984099 -0.1984099 -0.2139741 -0.07431548 -0.2139741 -0.2139741 -0.2148167 -0.2061268 0.4411815 -0.2148167 -0.2305645 0.9830932 -0.2305645 -0.2313804 -0.2305645 -0.2305645 -0.2226773 0.9830932 0.4779333 0.4872146 0.9943284 -0.2313804 0.4781429 0.4766275 0.4174829 0.1477122 0.4529514 0.4740305 0.479244 1 0.994375 0.994375 0.9888271 -0.2047736 -0.5639109 -0.06322702 0.9367692 0.182952
-0.1910981 -0.1910981 -0.206772 -0.07473587 -0.206772 -0.206772 -0.2076322 -0.198978 0.4442198 -0.2076322 -0.223273 0.9775291 -0.223273 -0.2241069 -0.223273 -0.223273 -0.2154394 0.9775291 0.4806368 0.4899707 0.9887353 -0.2241069 0.4810025 0.4793237 0.4151345 0.1488491 0.4558221 0.476712 0.481955 0.994375 1 0.9887645 0.9832309 -0.205932 -0.559196 -0.06358469 0.9314472 0.1805062
-0.1910981 -0.1910981 -0.206772 -0.07473587 -0.206772 -0.206772 -0.2076322 -0.198978 0.4442198 -0.2076322 -0.223273 0.9775291 -0.223273 -0.2241069 -0.223273 -0.223273 -0.2154394 0.9775291 0.4806368 0.4899707 0.9887353 -0.2241069 0.4810025 0.4793237 0.4151345 0.1488491 0.4558221 0.476712 0.481955 0.994375 0.9887645 1 0.9832309 -0.1965189 -0.559196 -0.06358469 0.9314472 0.1805062
-0.2013375 -0.2013375 -0.2168996 -0.07515518 -0.2168996 -0.2168996 -0.217751 -0.2091319 0.431499 -0.217751 -0.2333392 0.972041 -0.2333392 -0.2341641 -0.2333392 -0.2333392 -0.2255318 0.972041 0.4677115 0.4770377 0.9832189 -0.2341641 0.4681252 0.466399 0.4128184 0.1295747 0.4430195 0.4637885 0.4690288 0.9888271 0.9832309 0.9832309 1 -0.2070873 -0.5716227 -0.06394143 0.9261978 0.178086
0.7954432 0.7954432 0.8238799 -0.09787165 0.8238799 0.8238799 0.8283323 0.8210819 0.6210928 0.8283323 0.8339685 -0.1965189 0.8339685 0.8311414 0.8339685 0.8339685 0.8456646 -0.1965189 0.6294263 0.6086699 -0.2036122 0.8529261 0.6042778 0.6277066 -0.08548946 0.1750949 0.6117697 0.6242865 0.6180042 -0.2047736 -0.205932 -0.1965189 -0.2070873 1 0.3235917 -0.08326843 -0.1989349 -0.1323228
0.3424452 0.3424452 0.3595389 0.1174364 0.3595389 0.3595389 0.3608377 0.3542308 -0.0304982 0.3608377 0.3714946 -0.5506184 0.3714946 0.372773 0.3714946 0.3714946 0.366156 -0.5506184 -0.04872172 -0.06668657 -0.5600343 0.372773 -0.05723022 -0.04702284 -0.2641893 0.6172719 -0.04524161 -0.04363129 -0.05042275 -0.5639109 -0.559196 -0.559196 -0.5716227 0.3235917 1 -0.2573256 -0.5883751 -0.3714853
-0.09501808 -0.09501808 -0.09762678 -0.03021939 -0.09762678 -0.09762678 -0.09795321 -0.09795321 -0.1272805 -0.09795321 -0.09730044 -0.06358469 -0.09730044 -0.09762678 -0.09730044 -0.09730044 -0.09762678 -0.06358469 -0.1322926 -0.1297724 -0.06286843 -0.09762678 -0.1279897 -0.132655 -0.0263962 -0.3540667 -0.1304895 -0.1333818 -0.1319308 -0.06322702 -0.06358469 -0.06358469 -0.06394143 -0.08326843 -0.2573256 1 -0.06142423 0.3643249
-0.163973 -0.163973 -0.179893 -0.00709942 -0.179893 -0.179893 -0.1807543 -0.1718771 0.4177092 -0.1807543 -0.1968402 0.9199221 -0.1968402 -0.1976747 -0.1968402 -0.1968402 -0.1887839 0.9199221 0.4643059 0.4733226 0.9305447 -0.1976747 0.4637155 0.4630374 0.4297359 0.141955 0.4545881 0.4605145 0.4655793 0.9367692 0.9314472 0.9314472 0.9261978 -0.1989349 -0.5883751 -0.06142423 1 0.2277216
-0.1302684 -0.1302684 -0.1471343 -0.02396571 -0.1471343 -0.1471343 -0.1482148 -0.1482148 -0.02604761 -0.1482148 -0.162188 0.1909483 -0.162188 -0.1632453 -0.162188 -0.162188 -0.1471343 0.1909483 0.001336651 0.009653109 0.185424 -0.1471343 -0.00638035 -0.007131533 0.2847436 -0.2577236 -0.0146561 -0.009486318 -0.004772131 0.182952 0.1805062 0.1805062 0.178086 -0.1323228 -0.3714853 0.3643249 0.2277216 1
